Input/Test3_Wise_110801/wisedem2.asc
ncols     24
nrows    59
xllcorner      0.00000000
yllcorner      0.00000000
cellsize      0.50000000
nodata_value -9999
[rows 28 to 55 of 59, columns 0 to 23 of 24]
5.00000000000000E+0000 2.60999989509583E+0000 2.67000007629395E+0000 2.69000005722046E+0000 2.69000005722046E+0000 2.70000004768372E+0000 2.72000002861023E+0000 2.73000001907349E+0000 2.76999998092651E+0000 2.80999994277954E+0000 2.78999996185303E+0000 2.77999997138977E+0000 2.76999998092651E+0000 2.76999998092651E+0000 2.80999994277954E+0000 2.82999992370605E+0000 2.83999991416931E+0000 2.88000011444092E+0000 2.94000005722046E+0000 2.88000011444092E+0000 2.90000009536743E+0000 2.93000006675720E+0000 2.84999990463257E+0000 5.00000000000000E+0000
5.00000000000000E+0000 2.54999995231628E+0000 2.56999993324280E+0000 2.59999990463257E+0000 2.63000011444092E+0000 2.66000008583069E+0000 2.66000008583069E+0000 2.68000006675720E+0000 2.73000001907349E+0000 2.73000001907349E+0000 2.72000002861023E+0000 2.72000002861023E+0000 2.72000002861023E+0000 2.72000002861023E+0000 2.75999999046326E+0000 2.77999997138977E+0000 2.77999997138977E+0000 2.78999996185303E+0000 2.89000010490417E+0000 2.82999992370605E+0000 2.80999994277954E+0000 2.90000009536743E+0000 3.08999991416931E+0000 5.00000000000000E+0000
5.00000000000000E+0000 2.48000001907349E+0000 2.50999999046326E+0000 2.55999994277954E+0000 2.56999993324280E+0000 2.59999990463257E+0000 2.57999992370605E+0000 2.56999993324280E+0000 2.72000002861023E+0000 2.66000008583069E+0000 2.66000008583069E+0000 2.68000006675720E+0000 2.68000006675720E+0000 2.68000006675720E+0000 2.67000007629395E+0000 2.72000002861023E+0000 2.70000004768372E+0000 2.74000000953674E+0000 2.83999991416931E+0000 2.77999997138977E+0000 2.77999997138977E+0000 2.82999992370605E+0000 2.71000003814697E+0000 5.00000000000000E+0000
5.00000000000000E+0000 2.42000007629395E+0000 2.46000003814697E+0000 2.48000001907349E+0000 2.49000000953674E+0000 2.50000000000000E+0000 2.50999999046326E+0000 2.51999998092651E+0000 2.64000010490417E+0000 2.58999991416931E+0000 2.58999991416931E+0000 2.59999990463257E+0000 2.63000011444092E+0000 2.64000010490417E+0000 2.66000008583069E+0000 2.67000007629395E+0000 2.67000007629395E+0000 2.67000007629395E+0000 2.75999999046326E+0000 2.74000000953674E+0000 2.75999999046326E+0000 2.75999999046326E+0000 2.63000011444092E+0000 5.00000000000000E+0000
5.00000000000000E+0000 2.35999989509583E+0000 2.39000010490417E+0000 2.42000007629395E+0000 2.43000006675720E+0000 2.45000004768372E+0000 2.44000005722046E+0000 2.45000004768372E+0000 2.53999996185303E+0000 2.52999997138977E+0000 2.52999997138977E+0000 2.52999997138977E+0000 2.54999995231628E+0000 2.59999990463257E+0000 2.59999990463257E+0000 2.60999989509583E+0000 2.58999991416931E+0000 2.61999988555908E+0000 2.69000005722046E+0000 2.59999990463257E+0000 2.63000011444092E+0000 2.68000006675720E+0000 2.53999996185303E+0000 5.00000000000000E+0000
5.00000000000000E+0000 2.28999996185303E+0000 2.33999991416931E+0000 2.33999991416931E+0000 2.33999991416931E+0000 2.36999988555908E+0000 2.38000011444092E+0000 2.40000009536743E+0000 2.47000002861023E+0000 2.44000005722046E+0000 2.46000003814697E+0000 2.45000004768372E+0000 2.49000000953674E+0000 2.50000000000000E+0000 2.51999998092651E+0000 2.51999998092651E+0000 2.51999998092651E+0000 2.55999994277954E+0000 2.63000011444092E+0000 2.56999993324280E+0000 2.55999994277954E+0000 2.59999990463257E+0000 2.48000001907349E+0000 5.00000000000000E+0000
5.00000000000000E+0000 2.23000001907349E+0000 2.25999999046326E+0000 2.26999998092651E+0000 2.26999998092651E+0000 2.28999996185303E+0000 2.32999992370605E+0000 2.32999992370605E+0000 2.41000008583069E+0000 2.39000010490417E+0000 2.38000011444092E+0000 2.41000008583069E+0000 2.44000005722046E+0000 2.48000001907349E+0000 2.49000000953674E+0000 2.47000002861023E+0000 2.48000001907349E+0000 2.50999999046326E+0000 2.55999994277954E+0000 2.49000000953674E+0000 2.52999997138977E+0000 2.56999993324280E+0000 2.46000003814697E+0000 5.00000000000000E+0000
5.00000000000000E+0000 2.16000008583069E+0000 2.18000006675720E+0000 2.22000002861023E+0000 2.22000002861023E+0000 2.25999999046326E+0000 2.27999997138977E+0000 2.27999997138977E+0000 2.36999988555908E+0000 2.33999991416931E+0000 2.32999992370605E+0000 2.35999989509583E+0000 2.38000011444092E+0000 2.42000007629395E+0000 2.43000006675720E+0000 2.39000010490417E+0000 2.47000002861023E+0000 2.46000003814697E+0000 2.50000000000000E+0000 2.45000004768372E+0000 2.43000006675720E+0000 2.48000001907349E+0000 2.38000011444092E+0000 5.00000000000000E+0000
5.00000000000000E+0000 2.06999993324280E+0000 2.10999989509583E+0000 2.13000011444092E+0000 2.16000008583069E+0000 2.18000006675720E+0000 2.22000002861023E+0000 2.21000003814697E+0000 2.28999996185303E+0000 2.26999998092651E+0000 2.25999999046326E+0000 2.28999996185303E+0000 2.27999997138977E+0000 2.28999996185303E+0000 2.35999989509583E+0000 2.34999990463257E+0000 2.40000009536743E+0000 2.39000010490417E+0000 2.42000007629395E+0000 2.35999989509583E+0000 2.39000010490417E+0000 2.41000008583069E+0000 2.32999992370605E+0000 5.00000000000000E+0000
5.00000000000000E+0000 2.00999999046326E+0000 2.03999996185303E+0000 2.06999993324280E+0000 2.07999992370605E+0000 2.11999988555908E+0000 2.14000010490417E+0000 2.15000009536743E+0000 2.22000002861023E+0000 2.18000006675720E+0000 2.18000006675720E+0000 2.22000002861023E+0000 2.20000004768372E+0000 2.24000000953674E+0000 2.26999998092651E+0000 2.25000000000000E+0000 2.30999994277954E+0000 2.30999994277954E+0000 2.40000009536743E+0000 2.33999991416931E+0000 2.32999992370605E+0000 2.38000011444092E+0000 2.23000001907349E+0000 5.00000000000000E+0000
5.00000000000000E+0000 1.95000004768372E+0000 1.97000002861023E+0000 1.99000000953674E+0000 2.03999996185303E+0000 2.05999994277954E+0000 2.09999990463257E+0000 2.07999992370605E+0000 2.15000009536743E+0000 2.10999989509583E+0000 2.11999988555908E+0000 2.13000011444092E+0000 2.13000011444092E+0000 2.16000008583069E+0000 2.21000003814697E+0000 2.21000003814697E+0000 2.23000001907349E+0000 2.27999997138977E+0000 2.30999994277954E+0000 2.24000000953674E+0000 2.27999997138977E+0000 2.28999996185303E+0000 2.16000008583069E+0000 5.00000000000000E+0000
5.00000000000000E+0000 1.87999999523163E+0000 1.90999996662140E+0000 1.92999994754791E+0000 1.96000003814697E+0000 1.98000001907349E+0000 2.00999999046326E+0000 2.03999996185303E+0000 2.06999993324280E+0000 2.05999994277954E+0000 2.09999990463257E+0000 2.05999994277954E+0000 2.08999991416931E+0000 2.10999989509583E+0000 2.16000008583069E+0000 2.15000009536743E+0000 2.18000006675720E+0000 2.26999998092651E+0000 2.26999998092651E+0000 2.21000003814697E+0000 2.20000004768372E+0000 2.22000002861023E+0000 2.09999990463257E+0000 5.00000000000000E+0000
5.00000000000000E+0000 1.82000005245209E+0000 1.85000002384186E+0000 1.87000000476837E+0000 1.91999995708466E+0000 1.92999994754791E+0000 1.95000004768372E+0000 2.00000000000000E+0000 2.01999998092651E+0000 2.00000000000000E+0000 2.00999999046326E+0000 2.01999998092651E+0000 2.00999999046326E+0000 2.04999995231628E+0000 2.07999992370605E+0000 2.15000009536743E+0000 2.08999991416931E+0000 2.19000005722046E+0000 2.18000006675720E+0000 2.10999989509583E+0000 2.13000011444092E+0000 2.18000006675720E+0000 2.02999997138977E+0000 5.00000000000000E+0000
5.00000000000000E+0000 1.76999998092651E+0000 1.78999996185303E+0000 1.84000003337860E+0000 1.83000004291534E+0000 1.85000002384186E+0000 1.87999999523163E+0000 1.88999998569489E+0000 1.96000003814697E+0000 1.91999995708466E+0000 1.91999995708466E+0000 1.96000003814697E+0000 1.95000004768372E+0000 1.98000001907349E+0000 2.02999997138977E+0000 1.97000002861023E+0000 2.01999998092651E+0000 2.13000011444092E+0000 2.11999988555908E+0000 2.04999995231628E+0000 2.02999997138977E+0000 1.95000004768372E+0000 2.00000000000000E+0000 5.00000000000000E+0000
5.00000000000000E+0000 1.71000003814697E+0000 1.75999999046326E+0000 1.77999997138977E+0000 1.75999999046326E+0000 1.77999997138977E+0000 1.82000005245209E+0000 1.84000003337860E+0000 1.91999995708466E+0000 1.86000001430511E+0000 1.84000003337860E+0000 1.86000001430511E+0000 1.85000002384186E+0000 1.90999996662140E+0000 1.92999994754791E+0000 1.91999995708466E+0000 1.92999994754791E+0000 2.01999998092651E+0000 2.04999995231628E+0000 1.98000001907349E+0000 1.98000001907349E+0000 2.02999997138977E+0000 1.90999996662140E+0000 5.00000000000000E+0000
5.00000000000000E+0000 1.63999998569489E+0000 1.64999997615814E+0000 1.71000003814697E+0000 1.73000001907349E+0000 1.75000000000000E+0000 1.75999999046326E+0000 1.77999997138977E+0000 1.87999999523163E+0000 1.79999995231628E+0000 1.78999996185303E+0000 1.78999996185303E+0000 1.80999994277954E+0000 1.86000001430511E+0000 1.88999998569489E+0000 1.84000003337860E+0000 1.89999997615814E+0000 1.99000000953674E+0000 1.99000000953674E+0000 1.97000002861023E+0000 1.97000002861023E+0000 1.95000004768372E+0000 1.79999995231628E+0000 5.00000000000000E+0000
5.00000000000000E+0000 1.57000005245209E+0000 1.60000002384186E+0000 1.62000000476837E+0000 1.62999999523163E+0000 1.67999994754791E+0000 1.72000002861023E+0000 1.69000005722046E+0000 1.77999997138977E+0000 1.71000003814697E+0000 1.72000002861023E+0000 1.72000002861023E+0000 1.74000000953674E+0000 1.77999997138977E+0000 1.85000002384186E+0000 1.79999995231628E+0000 1.83000004291534E+0000 1.91999995708466E+0000 1.92999994754791E+0000 1.87999999523163E+0000 1.90999996662140E+0000 1.88999998569489E+0000 1.75000000000000E+0000 5.00000000000000E+0000
5.00000000000000E+0000 1.50000000000000E+0000 1.53999996185303E+0000 1.55999994277954E+0000 1.58000004291534E+0000 1.60000002384186E+0000 1.62999999523163E+0000 1.62000000476837E+0000 1.69000005722046E+0000 1.62999999523163E+0000 1.61000001430511E+0000 1.65999996662140E+0000 1.67999994754791E+0000 1.72000002861023E+0000 1.76999998092651E+0000 1.73000001907349E+0000 1.75999999046326E+0000 1.87999999523163E+0000 1.89999997615814E+0000 1.83000004291534E+0000 1.84000003337860E+0000 1.80999994277954E+0000 1.67999994754791E+0000 5.00000000000000E+0000
5.00000000000000E+0000 1.42999994754791E+0000 1.46000003814697E+0000 1.50000000000000E+0000 1.50999999046326E+0000 1.53999996185303E+0000 1.55999994277954E+0000 1.57000005245209E+0000 1.62000000476837E+0000 1.55999994277954E+0000 1.54999995231628E+0000 1.60000002384186E+0000 1.61000001430511E+0000 1.62999999523163E+0000 1.70000004768372E+0000 1.71000003814697E+0000 1.69000005722046E+0000 1.80999994277954E+0000 1.83000004291534E+0000 1.74000000953674E+0000 1.80999994277954E+0000 1.76999998092651E+0000 1.58000004291534E+0000 5.00000000000000E+0000
5.00000000000000E+0000 1.37999999523163E+0000 1.39999997615814E+0000 1.42999994754791E+0000 1.44000005722046E+0000 1.49000000953674E+0000 1.50000000000000E+0000 1.51999998092651E+0000 1.58000004291534E+0000 1.48000001907349E+0000 1.48000001907349E+0000 1.53999996185303E+0000 1.57000005245209E+0000 1.59000003337860E+0000 1.65999996662140E+0000 1.64999997615814E+0000 1.65999996662140E+0000 1.74000000953674E+0000 1.75999999046326E+0000 1.71000003814697E+0000 1.72000002861023E+0000 1.70000004768372E+0000 1.51999998092651E+0000 5.00000000000000E+0000
5.00000000000000E+0000 1.30999994277954E+0000 1.34000003337860E+0000 1.37999999523163E+0000 1.38999998569489E+0000 1.45000004768372E+0000 1.44000005722046E+0000 1.45000004768372E+0000 1.49000000953674E+0000 1.40999996662140E+0000 1.42999994754791E+0000 1.47000002861023E+0000 1.49000000953674E+0000 1.54999995231628E+0000 1.59000003337860E+0000 1.59000003337860E+0000 1.61000001430511E+0000 1.64999997615814E+0000 1.67999994754791E+0000 1.61000001430511E+0000 1.66999995708466E+0000 1.66999995708466E+0000 1.50000000000000E+0000 5.00000000000000E+0000
5.00000000000000E+0000 1.25999999046326E+0000 1.32000005245209E+0000 1.33000004291534E+0000 1.32000005245209E+0000 1.37999999523163E+0000 1.39999997615814E+0000 1.38999998569489E+0000 1.45000004768372E+0000 1.37000000476837E+0000 1.37999999523163E+0000 1.41999995708466E+0000 1.44000005722046E+0000 1.46000003814697E+0000 1.52999997138977E+0000 1.51999998092651E+0000 1.55999994277954E+0000 1.63999998569489E+0000 1.62999999523163E+0000 1.57000005245209E+0000 1.60000002384186E+0000 1.59000003337860E+0000 -9.99900000000000E+0003 -9.99900000000000E+0003
5.00000000000000E+0000 1.17999994754791E+0000 1.21000003814697E+0000 1.27999997138977E+0000 1.26999998092651E+0000 1.27999997138977E+0000 1.32000005245209E+0000 1.32000005245209E+0000 1.37999999523163E+0000 1.29999995231628E+0000 1.35000002384186E+0000 1.37999999523163E+0000 1.38999998569489E+0000 1.42999994754791E+0000 1.45000004768372E+0000 1.47000002861023E+0000 1.47000002861023E+0000 1.55999994277954E+0000 1.59000003337860E+0000 1.52999997138977E+0000 1.54999995231628E+0000 1.40999996662140E+0000 -9.99900000000000E+0003 -9.99900000000000E+0003
5.00000000000000E+0000 1.14999997615814E+0000 1.12000000476837E+0000 1.15999996662140E+0000 1.19000005722046E+0000 1.24000000953674E+0000 1.24000000953674E+0000 1.25000000000000E+0000 1.29999995231628E+0000 1.27999997138977E+0000 1.32000005245209E+0000 1.33000004291534E+0000 1.34000003337860E+0000 1.37999999523163E+0000 1.40999996662140E+0000 1.37999999523163E+0000 1.41999995708466E+0000 1.52999997138977E+0000 1.52999997138977E+0000 1.46000003814697E+0000 1.48000001907349E+0000 -9.99900000000000E+0003 -9.99900000000000E+0003 -9.99900000000000E+0003
-9.99900000000000E+0003 -9.99900000000000E+0003 -9.99900000000000E+0003 1.04999995231628E+0000 1.14999997615814E+0000 1.16999995708466E+0000 1.17999994754791E+0000 1.16999995708466E+0000 1.25000000000000E+0000 1.23000001907349E+0000 1.23000001907349E+0000 1.26999998092651E+0000 1.32000005245209E+0000 1.28999996185303E+0000 1.32000005245209E+0000 1.29999995231628E+0000 1.29999995231628E+0000 1.44000005722046E+0000 1.45000004768372E+0000 1.29999995231628E+0000 1.38999998569489E+0000 -9.99900000000000E+0003 -9.99900000000000E+0003 -9.99900000000000E+0003
-9.99900000000000E+0003 -9.99900000000000E+0003 -9.99900000000000E+0003 -9.99900000000000E+0003 1.00000000000000E+0000 1.10000002384186E+0000 1.11000001430511E+0000 1.08000004291534E+0000 1.20000004768372E+0000 1.14999997615814E+0000 1.16999995708466E+0000 1.15999996662140E+0000 1.17999994754791E+0000 1.20000004768372E+0000 1.25999999046326E+0000 1.23000001907349E+0000 1.25999999046326E+0000 1.37999999523163E+0000 1.34000003337860E+0000 1.22000002861023E+0000 1.29999995231628E+0000 -9.99900000000000E+0003 -9.99900000000000E+0003 -9.99900000000000E+0003
-9.99900000000000E+0003 -9.99900000000000E+0003 -9.99900000000000E+0003 -9.99900000000000E+0003 -9.99900000000000E+0003 9.59999978542328E-0001 1.01999998092651E+0000 1.02999997138977E+0000 1.12999999523163E+0000 1.10000002384186E+0000 1.08000004291534E+0000 1.11000001430511E+0000 1.11000001430511E+0000 1.13999998569489E+0000 1.16999995708466E+0000 1.16999995708466E+0000 1.19000005722046E+0000 1.30999994277954E+0000 1.25999999046326E+0000 -9.99900000000000E+0003 -9.99900000000000E+0003 -9.99900000000000E+0003 -9.99900000000000E+0003 -9.99900000000000E+0003
-9.99900000000000E+0003 -9.99900000000000E+0003 -9.99900000000000E+0003 -9.99900000000000E+0003 -9.99900000000000E+0003 -9.99900000000000E+0003 9.30000007152557E-0001 9.70000028610229E-0001 1.05999994277954E+0000 9.80000019073486E-0001 9.90000009536743E-0001 1.01999998092651E+0000 1.02999997138977E+0000 1.09000003337860E+0000 1.11000001430511E+0000 1.02999997138977E+0000 1.13999998569489E+0000 1.21000003814697E+0000 1.17999994754791E+0000 -9.99900000000000E+0003 -9.99900000000000E+0003 -9.99900000000000E+0003 -9.99900000000000E+0003 -9.99900000000000E+0003
