Input/Test3_Wise_110801/wisedem2.asc
ncols     24
nrows    59
xllcorner      0.00000000
yllcorner      0.00000000
cellsize      0.50000000
nodata_value -9999
[rows 0 to 27 of 59, columns 0 to 23 of 24]
5.00000000000000E+0000 5.00000000000000E+0000 5.00000000000000E+0000 5.00000000000000E+0000 5.00000000000000E+0000 5.00000000000000E+0000 5.00000000000000E+0000 5.00000000000000E+0000 5.00000000000000E+0000 5.00000000000000E+0000 5.00000000000000E+0000 5.00000000000000E+0000 5.00000000000000E+0000 5.00000000000000E+0000 5.00000000000000E+0000 5.00000000000000E+0000 5.00000000000000E+0000 5.00000000000000E+0000 5.00000000000000E+0000 5.00000000000000E+0000 5.00000000000000E+0000 5.00000000000000E+0000 5.00000000000000E+0000 5.00000000000000E+0000
5.00000000000000E+0000 4.21999979019165E+0000 4.26999998092651E+0000 4.30000019073486E+0000 4.32000017166138E+0000 4.32000017166138E+0000 4.32999992370605E+0000 4.36000013351440E+0000 4.40000009536743E+0000 4.40000009536743E+0000 4.36999988555908E+0000 4.34000015258789E+0000 4.34999990463257E+0000 4.34000015258789E+0000 4.32999992370605E+0000 4.30000019073486E+0000 4.30999994277954E+0000 4.30999994277954E+0000 4.30999994277954E+0000 4.32999992370605E+0000 4.28999996185303E+0000 4.26000022888184E+0000 4.21999979019165E+0000 5.00000000000000E+0000
5.00000000000000E+0000 4.19999980926514E+0000 4.23000001907349E+0000 4.26999998092651E+0000 4.28999996185303E+0000 4.28999996185303E+0000 4.28999996185303E+0000 4.32000017166138E+0000 4.30999994277954E+0000 4.32000017166138E+0000 4.32000017166138E+0000 4.28000020980835E+0000 4.28999996185303E+0000 4.30999994277954E+0000 4.30000019073486E+0000 4.28000020980835E+0000 4.26000022888184E+0000 4.25000000000000E+0000 4.26000022888184E+0000 4.25000000000000E+0000 4.26000022888184E+0000 4.21999979019165E+0000 4.15000009536743E+0000 5.00000000000000E+0000
5.00000000000000E+0000 4.15999984741211E+0000 4.17999982833862E+0000 4.19999980926514E+0000 4.23000001907349E+0000 4.23999977111816E+0000 4.23999977111816E+0000 4.25000000000000E+0000 4.26000022888184E+0000 4.26000022888184E+0000 4.26999998092651E+0000 4.23000001907349E+0000 4.23000001907349E+0000 4.23000001907349E+0000 4.23999977111816E+0000 4.21999979019165E+0000 4.23999977111816E+0000 4.21999979019165E+0000 4.23000001907349E+0000 4.23999977111816E+0000 4.19999980926514E+0000 4.19000005722046E+0000 4.15999984741211E+0000 5.00000000000000E+0000
5.00000000000000E+0000 4.11999988555908E+0000 4.15000009536743E+0000 4.15000009536743E+0000 4.15999984741211E+0000 4.17999982833862E+0000 4.19000005722046E+0000 4.21000003814697E+0000 4.19999980926514E+0000 4.21999979019165E+0000 4.23000001907349E+0000 4.19999980926514E+0000 4.19999980926514E+0000 4.19999980926514E+0000 4.17000007629395E+0000 4.17000007629395E+0000 4.17000007629395E+0000 4.19000005722046E+0000 4.19999980926514E+0000 4.17000007629395E+0000 4.15999984741211E+0000 4.13999986648560E+0000 4.09999990463257E+0000 5.00000000000000E+0000
5.00000000000000E+0000 4.05999994277954E+0000 4.07999992370605E+0000 4.09999990463257E+0000 4.09999990463257E+0000 4.11999988555908E+0000 4.11999988555908E+0000 4.13999986648560E+0000 4.15000009536743E+0000 4.15999984741211E+0000 4.19000005722046E+0000 4.13000011444092E+0000 4.13000011444092E+0000 4.15000009536743E+0000 4.13999986648560E+0000 4.09999990463257E+0000 4.11999988555908E+0000 4.11999988555908E+0000 4.17000007629395E+0000 4.11000013351440E+0000 4.05999994277954E+0000 4.07000017166138E+0000 4.03999996185303E+0000 5.00000000000000E+0000
5.00000000000000E+0000 3.98000001907349E+0000 4.03999996185303E+0000 4.03000020980835E+0000 4.05000019073486E+0000 4.07000017166138E+0000 4.07000017166138E+0000 4.11000013351440E+0000 4.11999988555908E+0000 4.11000013351440E+0000 4.11000013351440E+0000 4.09000015258789E+0000 4.07999992370605E+0000 4.07999992370605E+0000 4.05999994277954E+0000 4.05999994277954E+0000 4.05999994277954E+0000 4.11000013351440E+0000 4.09000015258789E+0000 4.03000020980835E+0000 4.03000020980835E+0000 4.01999998092651E+0000 3.98000001907349E+0000 5.00000000000000E+0000
5.00000000000000E+0000 3.94000005722046E+0000 3.94000005722046E+0000 3.98000001907349E+0000 3.99000000953674E+0000 4.03999996185303E+0000 4.00000000000000E+0000 4.03000020980835E+0000 4.05000019073486E+0000 4.05999994277954E+0000 4.05000019073486E+0000 4.01000022888184E+0000 4.01000022888184E+0000 4.00000000000000E+0000 4.01000022888184E+0000 4.03000020980835E+0000 4.03000020980835E+0000 4.03000020980835E+0000 4.05000019073486E+0000 4.00000000000000E+0000 3.99000000953674E+0000 3.97000002861023E+0000 3.97000002861023E+0000 5.00000000000000E+0000
5.00000000000000E+0000 3.86999988555908E+0000 3.90000009536743E+0000 3.89000010490417E+0000 3.92000007629395E+0000 3.93000006675720E+0000 3.94000005722046E+0000 3.97000002861023E+0000 4.00000000000000E+0000 3.99000000953674E+0000 3.99000000953674E+0000 3.95000004768372E+0000 3.93000006675720E+0000 3.96000003814697E+0000 3.96000003814697E+0000 3.97000002861023E+0000 3.94000005722046E+0000 3.98000001907349E+0000 3.98000001907349E+0000 3.98000001907349E+0000 3.97000002861023E+0000 3.92000007629395E+0000 3.91000008583069E+0000 5.00000000000000E+0000
5.00000000000000E+0000 3.79999995231628E+0000 3.83999991416931E+0000 3.82999992370605E+0000 3.84999990463257E+0000 3.88000011444092E+0000 3.89000010490417E+0000 3.91000008583069E+0000 3.92000007629395E+0000 3.93000006675720E+0000 3.95000004768372E+0000 3.90000009536743E+0000 3.89000010490417E+0000 3.90000009536743E+0000 3.88000011444092E+0000 3.88000011444092E+0000 3.91000008583069E+0000 3.91000008583069E+0000 3.96000003814697E+0000 3.94000005722046E+0000 3.90000009536743E+0000 3.86999988555908E+0000 3.84999990463257E+0000 5.00000000000000E+0000
5.00000000000000E+0000 3.71000003814697E+0000 3.75999999046326E+0000 3.79999995231628E+0000 3.78999996185303E+0000 3.80999994277954E+0000 3.80999994277954E+0000 3.84999990463257E+0000 3.85999989509583E+0000 3.86999988555908E+0000 3.90000009536743E+0000 3.84999990463257E+0000 3.84999990463257E+0000 3.88000011444092E+0000 3.83999991416931E+0000 3.84999990463257E+0000 3.83999991416931E+0000 3.88000011444092E+0000 3.94000005722046E+0000 3.89000010490417E+0000 3.86999988555908E+0000 3.82999992370605E+0000 3.80999994277954E+0000 5.00000000000000E+0000
5.00000000000000E+0000 3.61999988555908E+0000 3.69000005722046E+0000 3.70000004768372E+0000 3.73000001907349E+0000 3.75999999046326E+0000 3.77999997138977E+0000 3.76999998092651E+0000 3.78999996185303E+0000 3.82999992370605E+0000 3.81999993324280E+0000 3.77999997138977E+0000 3.78999996185303E+0000 3.79999995231628E+0000 3.79999995231628E+0000 3.78999996185303E+0000 3.82999992370605E+0000 3.81999993324280E+0000 3.90000009536743E+0000 3.80999994277954E+0000 3.78999996185303E+0000 3.82999992370605E+0000 3.75999999046326E+0000 5.00000000000000E+0000
5.00000000000000E+0000 3.57999992370605E+0000 3.63000011444092E+0000 3.63000011444092E+0000 3.67000007629395E+0000 3.71000003814697E+0000 3.74000000953674E+0000 3.75999999046326E+0000 3.75000000000000E+0000 3.75999999046326E+0000 3.76999998092651E+0000 3.75000000000000E+0000 3.72000002861023E+0000 3.74000000953674E+0000 3.74000000953674E+0000 3.76999998092651E+0000 3.76999998092651E+0000 3.76999998092651E+0000 3.88000011444092E+0000 3.75999999046326E+0000 3.75999999046326E+0000 3.79999995231628E+0000 3.68000006675720E+0000 5.00000000000000E+0000
5.00000000000000E+0000 3.49000000953674E+0000 3.54999995231628E+0000 3.57999992370605E+0000 3.58999991416931E+0000 3.65000009536743E+0000 3.68000006675720E+0000 3.68000006675720E+0000 3.69000005722046E+0000 3.69000005722046E+0000 3.71000003814697E+0000 3.68000006675720E+0000 3.69000005722046E+0000 3.71000003814697E+0000 3.70000004768372E+0000 3.68000006675720E+0000 3.71000003814697E+0000 3.70000004768372E+0000 3.78999996185303E+0000 3.72000002861023E+0000 3.69000005722046E+0000 3.73000001907349E+0000 3.65000009536743E+0000 5.00000000000000E+0000
5.00000000000000E+0000 3.46000003814697E+0000 3.51999998092651E+0000 3.52999997138977E+0000 3.53999996185303E+0000 3.56999993324280E+0000 3.59999990463257E+0000 3.61999988555908E+0000 3.63000011444092E+0000 3.65000009536743E+0000 3.65000009536743E+0000 3.61999988555908E+0000 3.61999988555908E+0000 3.66000008583069E+0000 3.64000010490417E+0000 3.63000011444092E+0000 3.66000008583069E+0000 3.66000008583069E+0000 3.74000000953674E+0000 3.65000009536743E+0000 3.68000006675720E+0000 3.69000005722046E+0000 3.58999991416931E+0000 5.00000000000000E+0000
5.00000000000000E+0000 3.40000009536743E+0000 3.43000006675720E+0000 3.46000003814697E+0000 3.50000000000000E+0000 3.52999997138977E+0000 3.52999997138977E+0000 3.54999995231628E+0000 3.57999992370605E+0000 3.58999991416931E+0000 3.58999991416931E+0000 3.56999993324280E+0000 3.57999992370605E+0000 3.61999988555908E+0000 3.58999991416931E+0000 3.57999992370605E+0000 3.63000011444092E+0000 3.60999989509583E+0000 3.72000002861023E+0000 3.60999989509583E+0000 3.60999989509583E+0000 3.64000010490417E+0000 3.54999995231628E+0000 5.00000000000000E+0000
5.00000000000000E+0000 3.33999991416931E+0000 3.39000010490417E+0000 3.40000009536743E+0000 3.42000007629395E+0000 3.49000000953674E+0000 3.48000001907349E+0000 3.48000001907349E+0000 3.49000000953674E+0000 3.51999998092651E+0000 3.53999996185303E+0000 3.50999999046326E+0000 3.52999997138977E+0000 3.50999999046326E+0000 3.52999997138977E+0000 3.52999997138977E+0000 3.52999997138977E+0000 3.57999992370605E+0000 3.60999989509583E+0000 3.53999996185303E+0000 3.54999995231628E+0000 3.58999991416931E+0000 3.50999999046326E+0000 5.00000000000000E+0000
5.00000000000000E+0000 3.27999997138977E+0000 3.34999990463257E+0000 3.33999991416931E+0000 3.34999990463257E+0000 3.40000009536743E+0000 3.41000008583069E+0000 3.42000007629395E+0000 3.44000005722046E+0000 3.47000002861023E+0000 3.48000001907349E+0000 3.46000003814697E+0000 3.48000001907349E+0000 3.47000002861023E+0000 3.49000000953674E+0000 3.46000003814697E+0000 3.49000000953674E+0000 3.50000000000000E+0000 3.56999993324280E+0000 3.50999999046326E+0000 3.48000001907349E+0000 3.52999997138977E+0000 3.45000004768372E+0000 5.00000000000000E+0000
5.00000000000000E+0000 3.23000001907349E+0000 3.29999995231628E+0000 3.27999997138977E+0000 3.29999995231628E+0000 3.32999992370605E+0000 3.38000011444092E+0000 3.39000010490417E+0000 3.40000009536743E+0000 3.41000008583069E+0000 3.40000009536743E+0000 3.41000008583069E+0000 3.40000009536743E+0000 3.41000008583069E+0000 3.42000007629395E+0000 3.42000007629395E+0000 3.46000003814697E+0000 3.47000002861023E+0000 3.51999998092651E+0000 3.45000004768372E+0000 3.45000004768372E+0000 3.48000001907349E+0000 3.40000009536743E+0000 5.00000000000000E+0000
5.00000000000000E+0000 3.14000010490417E+0000 3.21000003814697E+0000 3.23000001907349E+0000 3.24000000953674E+0000 3.26999998092651E+0000 3.30999994277954E+0000 3.32999992370605E+0000 3.35999989509583E+0000 3.36999988555908E+0000 3.36999988555908E+0000 3.34999990463257E+0000 3.33999991416931E+0000 3.33999991416931E+0000 3.34999990463257E+0000 3.35999989509583E+0000 3.40000009536743E+0000 3.36999988555908E+0000 3.47000002861023E+0000 3.41000008583069E+0000 3.38000011444092E+0000 3.44000005722046E+0000 3.36999988555908E+0000 5.00000000000000E+0000
5.00000000000000E+0000 3.09999990463257E+0000 3.15000009536743E+0000 3.18000006675720E+0000 3.22000002861023E+0000 3.23000001907349E+0000 3.23000001907349E+0000 3.28999996185303E+0000 3.27999997138977E+0000 3.31999993324280E+0000 3.28999996185303E+0000 3.27999997138977E+0000 3.27999997138977E+0000 3.27999997138977E+0000 3.29999995231628E+0000 3.31999993324280E+0000 3.33999991416931E+0000 3.33999991416931E+0000 3.40000009536743E+0000 3.34999990463257E+0000 3.34999990463257E+0000 3.41000008583069E+0000 3.29999995231628E+0000 5.00000000000000E+0000
5.00000000000000E+0000 3.03999996185303E+0000 3.07999992370605E+0000 3.10999989509583E+0000 3.13000011444092E+0000 3.16000008583069E+0000 3.17000007629395E+0000 3.20000004768372E+0000 3.20000004768372E+0000 3.20000004768372E+0000 3.23000001907349E+0000 3.20000004768372E+0000 3.24000000953674E+0000 3.25000000000000E+0000 3.25000000000000E+0000 3.25000000000000E+0000 3.28999996185303E+0000 3.27999997138977E+0000 3.35999989509583E+0000 3.29999995231628E+0000 3.29999995231628E+0000 3.32999992370605E+0000 3.25999999046326E+0000 5.00000000000000E+0000
5.00000000000000E+0000 3.01999998092651E+0000 3.03999996185303E+0000 3.03999996185303E+0000 3.06999993324280E+0000 3.11999988555908E+0000 3.10999989509583E+0000 3.11999988555908E+0000 3.13000011444092E+0000 3.14000010490417E+0000 3.16000008583069E+0000 3.16000008583069E+0000 3.16000008583069E+0000 3.21000003814697E+0000 3.20000004768372E+0000 3.19000005722046E+0000 3.21000003814697E+0000 3.25000000000000E+0000 3.29999995231628E+0000 3.23000001907349E+0000 3.24000000953674E+0000 3.45000004768372E+0000 3.20000004768372E+0000 5.00000000000000E+0000
5.00000000000000E+0000 2.98000001907349E+0000 2.98000001907349E+0000 2.99000000953674E+0000 3.01999998092651E+0000 3.04999995231628E+0000 3.04999995231628E+0000 3.04999995231628E+0000 3.07999992370605E+0000 3.10999989509583E+0000 3.09999990463257E+0000 3.11999988555908E+0000 3.10999989509583E+0000 3.11999988555908E+0000 3.14000010490417E+0000 3.13000011444092E+0000 3.16000008583069E+0000 3.17000007629395E+0000 3.25000000000000E+0000 3.19000005722046E+0000 3.18000006675720E+0000 3.24000000953674E+0000 3.13000011444092E+0000 5.00000000000000E+0000
5.00000000000000E+0000 2.89000010490417E+0000 2.93000006675720E+0000 2.93000006675720E+0000 2.93000006675720E+0000 2.98000001907349E+0000 2.99000000953674E+0000 3.00000000000000E+0000 3.00999999046326E+0000 3.01999998092651E+0000 3.04999995231628E+0000 3.00999999046326E+0000 3.03999996185303E+0000 3.05999994277954E+0000 3.08999991416931E+0000 3.06999993324280E+0000 3.10999989509583E+0000 3.13000011444092E+0000 3.19000005722046E+0000 3.10999989509583E+0000 3.11999988555908E+0000 3.17000007629395E+0000 3.05999994277954E+0000 5.00000000000000E+0000
5.00000000000000E+0000 2.83999991416931E+0000 2.86999988555908E+0000 2.86999988555908E+0000 2.86999988555908E+0000 2.90000009536743E+0000 2.92000007629395E+0000 2.95000004768372E+0000 2.96000003814697E+0000 2.95000004768372E+0000 2.97000002861023E+0000 2.97000002861023E+0000 2.97000002861023E+0000 2.97000002861023E+0000 3.00000000000000E+0000 3.00000000000000E+0000 3.02999997138977E+0000 3.06999993324280E+0000 3.13000011444092E+0000 3.07999992370605E+0000 3.02999997138977E+0000 3.11999988555908E+0000 3.00999999046326E+0000 5.00000000000000E+0000
5.00000000000000E+0000 2.74000000953674E+0000 2.78999996185303E+0000 2.80999994277954E+0000 2.78999996185303E+0000 2.82999992370605E+0000 2.82999992370605E+0000 2.85999989509583E+0000 2.86999988555908E+0000 2.92000007629395E+0000 2.91000008583069E+0000 2.90000009536743E+0000 2.90000009536743E+0000 2.93000006675720E+0000 2.96000003814697E+0000 2.96000003814697E+0000 2.95000004768372E+0000 2.99000000953674E+0000 3.05999994277954E+0000 2.97000002861023E+0000 3.00999999046326E+0000 3.11999988555908E+0000 2.95000004768372E+0000 5.00000000000000E+0000
5.00000000000000E+0000 2.66000008583069E+0000 2.73000001907349E+0000 2.74000000953674E+0000 2.74000000953674E+0000 2.75999999046326E+0000 2.77999997138977E+0000 2.79999995231628E+0000 2.80999994277954E+0000 2.84999990463257E+0000 2.85999989509583E+0000 2.84999990463257E+0000 2.82999992370605E+0000 2.84999990463257E+0000 2.88000011444092E+0000 2.90000009536743E+0000 2.91000008583069E+0000 2.92000007629395E+0000 2.98000001907349E+0000 2.95000004768372E+0000 2.94000005722046E+0000 2.99000000953674E+0000 2.92000007629395E+0000 5.00000000000000E+0000
