Input/input_p2/p2ksat070905a.asc
ncols         22
nrows         62
xllcorner     0.00000000
yllcorner     0.00000000
cellsize      0.50000000
nodata_value  -9999
[rows 0 to 35 of 62, columns 0 to 21 of 22]
0.00891833379864693 0.00891833379864693 0.0082933334633708 0.00895833410322666 0.00962833408266306 0.00965833384543657 0.00605833297595382 0.0077383341267705 0.00965833384543657 0.00955433305352926 0.00965833384543657 0.00965833384543657 0.00924333371222019 0.00965833384543657 0.00965833384543657 0.00964333396404982 0.00900833401829004 0.00945833325386047 0.00965833384543657 0.0095533337444067 0.00945833325386047 0.00945833325386047
0.00891833379864693 0.00891833379864693 0.0082933334633708 0.00895833410322666 0.00962833408266306 0.00965833384543657 0.00605833297595382 0.0077383341267705 0.00965833384543657 0.00955433305352926 0.00965833384543657 0.00965833384543657 0.00924333371222019 0.00965833384543657 0.00965833384543657 0.00964333396404982 0.00900833401829004 0.00945833325386047 0.00965833384543657 0.0095533337444067 0.00945833325386047 0.00945833325386047
0.00965833384543657 0.00965833384543657 0.00862633343786001 0.00965833384543657 0.0086583336815238 0.00342833297327161 0.00965833384543657 0.00965833384543657 0.00964633282274008 0.00953333359211683 0.0093263341113925 0.00961433444172144 0.00905833300203085 0.00965833384543657 0.00615833420306444 0.00615833420306444 0.00893833301961422 0.00955833401530981 0.00947433430701494 0.00615833420306444 0.00777833396568894 0.00777833396568894
0.00853833369910717 0.00853833369910717 0.00657833414152265 0.00685833394527435 0.00958433374762535 0.00575833301991224 0.00748333288356662 0.00864333380013704 0.00915833283215761 0.00930333323776722 0.00940633378922939 0.008048334158957 0.00215833308175206 0.00575333321467042 0.00755833415314555 0.00698533421382308 0.00943633355200291 0.00915833283215761 0.00930333323776722 0.00765833398327231 0.0086583336815238 0.0086583336815238
0.00938333384692669 0.00938333384692669 0.00234833406284451 0.00913333427160978 0.00925833359360695 0.00374333397485316 0.00601333379745483 0.00365833309479058 0.00949233397841454 0.00900033302605152 0.00795833393931389 0.00615833420306444 0.00447833398357034 0.00965833384543657 0.00515833403915167 0.00892333406955004 0.00795833393931389 0.0059783342294395 0.00965833384543657 0.00785833317786455 0.0086583336815238 0.0086583336815238
0.00547833414748311 0.00547833414748311 0.00863833446055651 0.00965833384543657 0.00515833403915167 0.00965833384543657 0.00401533301919699 0.00641833292320371 0.0095763336867094 0.00933833327144384 0.00963733438402414 0.00765833398327231 0.00881833303719759 0.00605833297595382 0.00515833403915167 0.00933833327144384 0.00887833256274462 0.0068983337841928 0.00934833381325006 0.00665833288803697 0.00765833398327231 0.00765833398327231
0.00825833342969418 0.00825833342969418 0.00965833384543657 0.00560833420604467 0.00965833384543657 0.00907033402472734 0.00765833398327231 0.00965833384543657 0.00940033420920372 0.009314333088696 0.00915833283215761 0.00775833381339908 0.00765833398327231 0.00715833296999335 0.00925833359360695 0.0088583342730999 0.00795833393931389 0.00921833328902721 0.00717833405360579 0.00665833288803697 0.00765833398327231 0.00765833398327231
0.00875833444297314 0.00875833444297314 0.00962833408266306 0.00699833314865828 0.00785833317786455 0.00946033373475075 0.00965833384543657 0.00965833384543657 0.00964633282274008 0.0086583336815238 0.00914633367210627 0.00923833344131708 0.00869833305478096 0.00795833393931389 0.00945833325386047 0.00965433288365602 0.00901833362877369 0.00731333298608661 0.00565833412110806 0.00665833288803697 0.00715833296999335 0.00715833296999335
0.00935833342373371 0.00935833342373371 0.00962233357131481 0.00965833384543657 0.00915833283215761 0.00948433391749859 0.00965833384543657 0.00965833384543657 0.00956933386623859 0.00815833359956741 0.00943833403289318 0.00615833420306444 0.0074033341370523 0.00908333342522383 0.00965833384543657 0.00965833384543657 0.00826333370059729 0.00965833384543657 0.00858633313328028 0.00715833296999335 0.00737833417952061 0.00737833417952061
0.00799833331257105 0.00799833331257105 0.00960133410990238 0.00965833384543657 0.00965833384543657 0.00965833384543657 0.00946233328431845 0.00951033364981413 0.00961133372038603 0.00715833296999335 0.00707833422347903 0.00605833297595382 0.00615833420306444 0.00365833309479058 0.00954233389347792 0.0061933328397572 0.00893333368003368 0.00765833398327231 0.00856033340096474 0.00813333410769701 0.00698833400383592 0.00698833400383592
0.00868833344429731 0.00868833344429731 0.0095323333516717 0.00874833390116692 0.00965033378452063 0.00947633385658264 0.00965833384543657 0.00965833384543657 0.00965833384543657 0.00965833384543657 0.00665833288803697 0.00585833378136158 0.00965833384543657 0.00965833384543657 0.00965833384543657 0.00965833384543657 0.00941833388060331 0.00765833398327231 0.00965833384543657 0.00965833384543657 0.00965833384543657 0.00965833384543657
0.00917533319443464 0.00917533319443464 0.0086583336815238 0.00915433373302221 0.00965833384543657 0.00965833384543657 0.00962833408266306 0.00965833384543657 0.00965833384543657 0.00815833359956741 0.00860833283513784 0.00765833398327231 0.00703133409842849 0.00615833420306444 0.00945833325386047 0.0095323333516717 0.00965833384543657 0.00848833285272121 0.00939833279699087 0.00965833384543657 0.00943933334201574 0.00943933334201574
0.00965833384543657 0.00965833384543657 0.00964333396404982 0.00765833398327231 0.00965833384543657 0.00795833393931389 0.00921833328902721 0.00765833398327231 0.00877833366394043 0.00962833408266306 0.00938833318650723 0.00715833296999335 0.00915833283215761 0.00797533430159092 0.00960433389991522 0.00964233372360468 0.00956033356487751 0.0086583336815238 0.00965833384543657 0.00965833384543657 0.00958533398807049 0.00958533398807049
0.0083163334056735 0.0083163334056735 0.00874033384025097 0.00788333360105753 0.00896833371371031 0.00911833345890045 0.0086583336815238 0.00773433409631252 0.00963433366268873 0.00815833359956741 0.00961433444172144 0.00944833364337683 0.00956033356487751 0.00965833384543657 0.00960133410990238 0.00965833384543657 0.00955833401530981 0.00965833384543657 0.00965833384543657 0.00965833384543657 0.00965833384543657 0.00965833384543657
0.00765833398327231 0.00765833398327231 0.00965833384543657 0.00965833384543657 0.00963833369314671 0.00965833384543657 0.00925833359360695 0.00945833325386047 0.00956033356487751 0.009594333358109 0.00936433393508196 0.00965833384543657 0.00946033373475075 0.00965833384543657 0.00946033373475075 0.00945833325386047 0.00945833325386047 0.00956033356487751 0.00965833384543657 0.00965833384543657 0.00965833384543657 0.00965833384543657
0.00961633305996656 0.00961633305996656 0.00916833337396383 0.00665833288803697 0.00869833305478096 0.00956233311444521 0.00945833325386047 0.00925833359360695 0.00945833325386047 0.00965833384543657 0.00965833384543657 0.00959733314812183 0.00881833303719759 0.00892333406955004 0.00945833325386047 0.00965833384543657 0.00965833384543657 0.00965033378452063 0.00965833384543657 0.00938533339649439 0.00965833384543657 0.00965833384543657
0.00965833384543657 0.00965833384543657 0.00929833389818668 0.00686833402141929 0.00715833296999335 0.00965833384543657 0.00945833325386047 0.00946033373475075 0.00965833384543657 0.00955833401530981 0.0086583336815238 0.00958133302628994 0.0086583336815238 0.00965633429586887 0.00945833325386047 0.00965833384543657 0.00965833384543657 0.00965833384543657 0.00965833384543657 0.00965833384543657 0.00965833384543657 0.00965833384543657
0.0095283342525363 0.0095283342525363 0.00815833359956741 0.00935833342373371 0.00845833402127028 0.00913833361119032 0.00956033356487751 0.00965833384543657 0.00965833384543657 0.00923333410173655 0.00930633302778006 0.00965833384543657 0.00915833283215761 0.00965833384543657 0.00955833401530981 0.00926233362406492 0.00861833430826664 0.00917833391577005 0.0086583336815238 0.00915833283215761 0.00965833384543657 0.00965833384543657
0.00888333283364773 0.00888333283364773 0.00963833369314671 0.00935833342373371 0.00715833296999335 0.00913833361119032 0.00915833283215761 0.00965033378452063 0.00957033317536116 0.00965833384543657 0.00868833344429731 0.00945833325386047 0.00965033378452063 0.00833833403885365 0.00960033293813467 0.00915833283215761 0.00955033395439386 0.00965833384543657 0.00878533255308867 0.00948833301663399 0.00965833384543657 0.00965833384543657
0.00965833384543657 0.00965833384543657 0.0092483339831233 0.00965833384543657 0.00899833254516125 0.00937833357602358 0.00945833325386047 0.0086583336815238 0.00965833384543657 0.00965833384543657 0.00952933356165886 0.00955833401530981 0.00945833325386047 0.00935833342373371 0.00965833384543657 0.00937833357602358 0.00765833398327231 0.00945333298295736 0.00935833342373371 0.00949633307754993 0.00905833300203085 0.00905833300203085
0.00965833384543657 0.00965833384543657 0.00965833384543657 0.00965833384543657 0.00919333379715681 0.00905833300203085 0.00915833283215761 0.00905833300203085 0.00795833393931389 0.00958233419805765 0.00915833283215761 0.00956433545798063 0.00946233328431845 0.00965833384543657 0.00953633431345224 0.00905833300203085 0.00848533399403095 0.00945833325386047 0.00945833325386047 0.00965833384543657 0.0095123341307044 0.0095123341307044
0.00965833384543657 0.00965833384543657 0.00965833384543657 0.00943833403289318 0.00915833283215761 0.00915833283215761 0.00935833342373371 0.00965833384543657 0.00785833317786455 0.00965833384543657 0.00965833384543657 0.00965833384543657 0.00965833384543657 0.00965833384543657 0.00935833342373371 0.00923833344131708 0.00955833401530981 0.0077383341267705 0.0095763336867094 0.00947833340615034 0.00965833384543657 0.00965833384543657
0.00965833384543657 0.00965833384543657 0.00965833384543657 0.00965033378452063 0.00965333357453346 0.00958333443850279 0.00949333421885967 0.00962533336132765 0.0093283336609602 0.00965833384543657 0.00965833384543657 0.00965833384543657 0.00965833384543657 0.00965833384543657 0.00916833337396383 0.00946333445608616 0.00965833384543657 0.00779833411797881 0.00909833423793316 0.00955833401530981 0.00815833359956741 0.00815833359956741
0.00903833378106356 0.00903833378106356 0.00935833342373371 0.00958833377808332 0.00965833384543657 0.00695833377540112 0.00905033387243748 0.00805833376944065 0.00965833384543657 0.00965833384543657 0.00965833384543657 0.00965833384543657 0.00965833384543657 0.00965833384543657 0.0086583336815238 0.00907333381474018 0.00895833410322666 0.00949833355844021 0.00872833374887705 0.00961033441126347 0.00965833384543657 0.00965833384543657
0.0086583336815238 0.0086583336815238 0.00965833384543657 0.00935833342373371 0.00925833359360695 0.00729833403602242 0.00615833420306444 0.00795833393931389 0.00965833384543657 0.00935833342373371 0.00927033368498087 0.0094273341819644 0.00965833384543657 0.00915833283215761 0.0093763330951333 0.00949033442884684 0.00949333421885967 0.0086583336815238 0.00960833299905062 0.00922833383083344 0.00965833384543657 0.00965833384543657
0.00959033332765102 0.00959033332765102 0.00826433394104242 0.00965833384543657 0.00897833425551653 0.00965833384543657 0.00965833384543657 0.00945833325386047 0.00734833395108581 0.00853633414953947 0.00965833384543657 0.00958433374762535 0.00965833384543657 0.00965833384543657 0.00965833384543657 0.009530333802104 0.00945133343338966 0.00899833254516125 0.00847833324223757 0.00965833384543657 0.00892833340913057 0.00892833340913057
0.00965833384543657 0.00965833384543657 0.00575333321467042 0.00765833398327231 0.00824833381921053 0.00731833418831229 0.00916833337396383 0.00929833389818668 0.00929833389818668 0.00715833296999335 0.00937333423644304 0.00722833396866918 0.00824833381921053 0.00965833384543657 0.00965833384543657 0.00935833342373371 0.00815833359956741 0.00715833296999335 0.00765833398327231 0.00765833398327231 0.00695833377540112 0.00695833377540112
0.00765833398327231 0.00765833398327231 0.00793833378702402 0.00815833359956741 0.00964833423495293 0.00965833384543657 0.00896833371371031 0.0076283342204988 0.00965833384543657 0.00765833398327231 0.00949633307754993 0.00905833300203085 0.00947033334523439 0.00892833340913057 0.00965833384543657 0.00818833336234093 0.0082503343001008 0.00934833381325006 0.00908833369612694 0.00795833393931389 0.00815833359956741 0.00815833359956741
0.00965833384543657 0.00965833384543657 0.00944833364337683 0.00881833303719759 0.00965833384543657 0.00889333430677652 0.00886833388358355 0.00947633385658264 0.00934233330190182 0.00932233314961195 0.00965833384543657 0.00801833346486092 0.00949933286756277 0.00875833444297314 0.00913033355027437 0.00915833283215761 0.00839833356440067 0.00895833410322666 0.00922333355993032 0.00965833384543657 0.00915833283215761 0.00915833283215761
0.00965833384543657 0.00965833384543657 0.00956833362579346 0.00615833420306444 0.00899833254516125 0.00720833288505673 0.00892833340913057 0.00961633305996656 0.00965833384543657 0.00765833398327231 0.00903833378106356 0.00955833401530981 0.00923833344131708 0.00965833384543657 0.00965833384543657 0.00925833359360695 0.00965833384543657 0.00965833384543657 0.0096313338726759 0.00815833359956741 0.00965833384543657 0.00965833384543657
0.00927333254367113 0.00927333254367113 0.00965833384543657 0.00785833317786455 0.00965833384543657 0.00585833378136158 0.00965633429586887 0.00965833384543657 0.00965833384543657 0.00965833384543657 0.00716833397746086 0.00884833373129368 0.0086583336815238 0.00947833340615034 0.00965833384543657 0.00965833384543657 0.00945833325386047 0.00928233377635479 0.00965833384543657 0.00953833386301994 0.00857833307236433 0.00857833307236433
0.00944833364337683 0.00944833364337683 0.00965833384543657 0.00713833421468735 0.00965833384543657 0.00783833395689726 0.00963233411312103 0.00965833384543657 0.00965833384543657 0.00905833300203085 0.00889833364635706 0.00965833384543657 0.00943433307111263 0.00815833359956741 0.00952033419162035 0.00926233362406492 0.00915833283215761 0.00959833338856697 0.00874833390116692 0.00965833384543657 0.00665833288803697 0.00665833288803697
0.00934033375233412 0.00934033375233412 0.00965833384543657 0.00853333342820406 0.00965833384543657 0.0087983338162303 0.00955833401530981 0.00965833384543657 0.00965833384543657 0.00965833384543657 0.00965833384543657 0.0095743341371417 0.00960133410990238 0.00805833376944065 0.00944833364337683 0.00929833389818668 0.00893833301961422 0.00961833354085684 0.00877833366394043 0.00915833283215761 0.00929333362728357 0.00929333362728357
0.00955033395439386 0.00955033395439386 0.00929833389818668 0.00886833388358355 0.00615833420306444 0.00776833388954401 0.00965833384543657 0.0082933334633708 0.00945833325386047 0.00839433446526527 0.00965833384543657 0.00965833384543657 0.00765833398327231 0.00815833359956741 0.00955833401530981 0.00949833355844021 0.00878833327442408 0.00839433446526527 0.00961633305996656 0.00941233336925507 0.00874633435159922 0.00874633435159922
0.00841833371669054 0.00841833371669054 0.00890833325684071 0.00115833396557719 0.00798433367162943 0.00826333370059729 0.00958433374762535 0.0093303332105279 0.00856333412230015 0.00705833313986659 0.00954833254218102 0.0088583342730999 0.00926333386451006 0.0088583342730999 0.00965833384543657 0.0086583336815238 0.00815833359956741 0.00715833296999335 0.00965833384543657 0.0068983337841928 0.00783333368599415 0.00783333368599415
0.00615833420306444 0.00615833420306444 0.00965833384543657 0.00876833405345678 0.00953833386301994 0.00565833412110806 0.00328833400271833 0.00886333361268044 0.00947833340615034 0.00789833255112171 0.00917233340442181 0.00805833376944065 0.00965833384543657 0.00951833371073008 0.0067883338779211 0.00550833297893405 0.00944333337247372 0.00760833406820893 0.00365833309479058 0.00165833299979568 0.00657833414152265 0.00657833414152265
