Input/input_p2/p2pavcoverveg.asc
ncols         22
nrows         62
xllcorner     0.00000000
yllcorner     0.00000000
cellsize      0.5
nodata_value  -9999
 7.40000009536743 7.40000009536743 13.6499996185303 7 0.299999982118607 0 36 19.1999988555908 0 1.03999996185303 0 0 4.15000009536743 0 0 0.149999991059303 6.5 2 0 1.04999995231628 2 2
 7.40000009536743 7.40000009536743 13.6499996185303 7 0.299999982118607 0 36 19.1999988555908 0 1.03999996185303 0 0 4.15000009536743 0 0 0.149999991059303 6.5 2 0 1.04999995231628 2 2
 0 0 10.3199996948242 0 10 62.2999992370605 0 0 0.119999997317791 1.25 3.3199999332428 0.439999997615814 6 0 35 35 7.19999980926514 1 1.8400000333786 35 18.7999992370605 18.7999992370605
 11.1999998092651 11.1999998092651 30.7999992370605 28 0.740000009536743 39 21.75 10.1499996185303 5 3.54999995231628 2.51999998092651 16.1000003814697 75 39.0499992370605 21 26.7299995422363 2.22000002861023 5 3.54999995231628 20 10 10
 2.75 2.75 73.0999984741211 5.25 4 59.1500015258789 36.4500007629395 60 1.6599999666214 6.57999992370605 17 35 51.7999992370605 0 45 7.34999990463257 17 36.7999992370605 0 18 10 10
 41.7999992370605 41.7999992370605 10.1999998092651 0 45 0 56.4300003051758 32.4000015258789 0.819999992847443 3.19999980926514 0.21000000834465 20 8.39999961853027 36 45 3.19999980926514 7.79999971389771 27.6000003814697 3.09999990463257 30 20 20
 14 14 0 40.5 0 5.87999963760376 20 0 2.57999992370605 3.44000005722046 5 19 20 25 4 8 17 4.40000009536743 24.7999992370605 30 20 20
 9 9 0.299999982118607 26.6000003814697 18 1.98000001907349 0 0 0.119999997317791 10 5.11999988555908 4.19999980926514 9.59999942779541 17 2 0.0399999991059303 6.39999961853027 23.4500007629395 40 30 25 25
 3 3 0.359999984502792 0 5 1.74000000953674 0 0 0.889999985694885 15 2.20000004768372 35 22.5499992370605 5.75 0 0 13.9499998092651 0 10.7200002670288 25 22.7999992370605 22.7999992370605
 16.6000003814697 16.6000003814697 0.569999992847443 0 0 0 1.96000003814697 1.48000001907349 0.469999998807907 25 25.8000011444092 36 35 60 1.1599999666214 34.6500015258789 7.25 20 10.9800004959106 15.25 26.6999988555908 26.6999988555908
 9.70000076293945 9.70000076293945 1.25999999046326 9.10000038146973 0.0799999982118607 1.82000005245209 0 0 0 0 30 38 0 0 0 0 2.39999985694885 20 0 0 0 0
 4.82999992370605 4.82999992370605 10 5.03999996185303 0 0 0.299999982118607 0 0 15 10.5 20 26.269998550415 35 2 1.25999999046326 0 11.6999998092651 2.59999990463257 0 2.19000005722046 2.19000005722046
 0 0 0.150000005960464 20 0 17 4.40000009536743 20 8.80000019073486 0.299999982118607 2.70000004768372 25 5 16.8299999237061 0.540000021457672 0.159999996423721 0.980000019073486 10 0 0 0.730000019073486 0.730000019073486
 13.4200000762939 13.4200000762939 9.18000030517578 17.75 6.90000009536743 5.40000009536743 10 19.2399997711182 0.239999994635582 15 0.439999997615814 2.09999990463257 0.980000019073486 0 0.569999992847443 0 1 0 0 0 0 0
 20 20 0 0 0.199999988079071 0 4 2 0.980000019073486 0.639999985694885 2.94000005722046 0 1.98000001907349 0 1.98000001907349 2 2 0.980000019073486 0 0 0 0
 0.420000016689301 0.420000016689301 4.90000009536743 30 9.59999942779541 0.959999978542328 2 4 2 0 0 0.610000014305115 8.39999961853027 7.35000038146973 2 0 0 0.0799999982118607 0 2.73000001907349 0 0
 0 0 3.60000014305115 27.8999996185303 25 0 2 1.98000001907349 0 1 10 0.769999980926514 10 0.0199999995529652 2 0 0 0 0 0 0 0
 1.29999995231628 1.29999995231628 15 3 12 5.19999980926514 0.980000019073486 0 0 4.25 3.51999998092651 0 5 0 1 3.96000003814697 10.3999996185303 4.79999971389771 10 5 0 0
 7.75 7.75 0.199999988079071 3 25 5.19999980926514 5 0.0799999982118607 0.879999995231628 0 9.70000076293945 2 0.0799999982118607 13.1999998092651 0.579999983310699 5 1.08000004291534 0 8.73000049591064 1.70000004768372 0 0
 0 0 4.09999990463257 0 6.59999990463257 2.79999995231628 2 10 0 0 1.28999996185303 1 2 3 0 2.79999995231628 20 2.04999995231628 3 1.62000012397766 6 6
 0 0 0 0 4.65000009536743 6 5 6 17 0.759999990463257 5 0.939999997615814 1.96000003814697 0 1.22000002861023 6 11.7299995422363 2 2 0 1.46000003814697 1.46000003814697
 0 0 0 2.20000004768372 5 5 3 0 18 0 0 0 0 0 3 4.19999980926514 1 19.1999988555908 0.819999992847443 1.79999995231628 0 0
 0 0 0 0.0799999982118607 0.0499999970197678 0.75 1.64999997615814 0.329999983310699 3.29999995231628 0 0 0 0 0 4.90000009536743 1.94999992847443 0 18.6000003814697 5.59999990463257 1 15 15
 6.19999980926514 6.19999980926514 3 0.699999988079071 0 27 6.07999992370605 16 0 0 0 0 0 0 10 5.84999990463257 7 1.59999990463257 9.30000019073486 0.479999989271164 0 0
 10 10 0 3 4 23.5999984741211 35 17 0 3 3.88000011444092 2.30999994277954 0 5 2.8199999332428 1.67999994754791 1.65000009536743 10 0.5 4.30000019073486 0 0
 0.680000007152557 0.680000007152557 13.9399995803833 0 6.80000019073486 0 0 2 23.1000003814697 11.2200002670288 0 0.740000009536743 0 0 0 1.27999997138977 2.0699999332428 6.60000038146973 11.7999992370605 0 7.30000019073486 7.30000019073486
 0 0 39.0499992370605 20 14.1000003814697 23.3999996185303 4.90000009536743 3.60000014305115 3.60000014305115 25 2.84999990463257 24.2999992370605 14.1000003814697 0 0 3 15 25 20 20 27 27
 20 20 17.2000007629395 15 0.0999999940395355 0 6.90000009536743 20.2999992370605 0 20 1.62000012397766 6 1.87999999523163 7.30000019073486 0 14.7000007629395 14.0799999237061 3.09999990463257 5.69999980926514 17 15 15
 0 0 2.09999990463257 8.39999961853027 0 7.64999961853027 7.90000009536743 1.82000005245209 3.16000008583069 3.35999989509583 0 16.3999996185303 1.58999991416931 9 5.28000020980835 5 12.5999994277954 7 4.34999990463257 0 5 5
 0 0 0.900000035762787 35 6.60000038146973 24.5 7.30000019073486 0.419999986886978 0 20 6.19999980926514 1 4.19999980926514 0 0 4 0 0 0.270000010728836 15 0 0
 3.85000014305115 3.85000014305115 0 18 0 38 0.0199999995529652 0 0 0 24.8999996185303 8.10000038146973 10 1.79999995231628 0 0 2 3.75999999046326 0 1.19999992847443 10.8000001907349 10.8000001907349
 2.09999990463257 2.09999990463257 0 25.2000007629395 0 18.1999988555908 0.259999990463257 0 0 6 7.59999990463257 0 2.24000000953674 15 1.37999999523163 3.96000003814697 5 0.600000023841858 9.10000038146973 0 30 30
 3.17999982833862 3.17999982833862 0 11.25 0 8.60000038146973 1 0 0 0 0 0.839999973773956 0.569999992847443 16 2.09999990463257 3.60000014305115 7.20000028610229 0.399999976158142 8.80000019073486 5 3.65000009536743 3.65000009536743
 1.07999992370605 1.07999992370605 3.60000014305115 7.90000009536743 35 18.8999996185303 0 13.6500005722046 2 12.6400003433228 0 0 20 15 1 1.60000002384186 8.69999980926514 12.6400003433228 0.419999986886978 2.46000003814697 9.11999988555908 9.11999988555908
 12.3999996185303 12.3999996185303 7.5 85 16.7399997711182 13.9499998092651 0.740000009536743 3.27999997138977 10.9500007629395 26 1.10000002384186 8 3.95000004768372 8 0 10 15 25 0 27.6000003814697 18.25 18.25
 35 35 0 8.89999961853027 1.19999992847443 40 63.7000007629395 7.94999980926514 1.80000007152557 17.6000003814697 4.8600001335144 16 0 1.39999997615814 28.6999988555908 41.5 2.15000009536743 20.5 60 80 30.7999992370605 30.7999992370605
 15 15 2.39999985694885 6.60000038146973 7.79999971389771 7 0 0 0 0 55 12.1000003814697 70 15.8400001525879 40 27.0000019073486 6.60000038146973 24.25 47.8499984741211 28.6999988555908 4.95000028610229 4.95000028610229
 4.5 4.5 2.09999990463257 1.39999997615814 0.799999952316284 10.25 0 0 0 0 15.3999996185303 75.6500015258789 9 15 30 17 45 24.75 20.7000007629395 35 12.6000003814697 12.6000003814697
 30 30 68 0 20.2999992370605 24.5 34.2999992370605 0 0 0 0 77.4000015258789 100 90 2.59999990463257 6.10000038146973 19 40 30.7999992370605 28.6999988555908 2.25 2.25
 1.75 1.75 65 71.1999969482422 0 2.59999990463257 0 57.8499984741211 0 0 1.59999990463257 0.699999988079071 0.769999980926514 5 6.29999971389771 0 50 25 12 3.84999990463257 0 0
 0 0 0 48.1000022888184 1.39999997615814 27.5 49.2999992370605 78.8499984741211 43.2000007629395 47.6000022888184 36.7999992370605 26.5499992370605 27.0000019073486 20 10 4.61999988555908 20 16.5 6.19999980926514 4.65000009536743 6.45000028610229 6.45000028610229
 0 0 0 3.79999995231628 1.04999995231628 80 1 50 87 1 11 34.2999992370605 55 3.51999998092651 6.51000022888184 0 4 5.59999990463257 32.5499992370605 4.65000009536743 15 15
 0.879999995231628 0.879999995231628 21.6000003814697 2.79999995231628 62.3999977111816 52 0.5 0 54.9000015258789 59.5 0 0 50 1.39999997615814 11.5999994277954 9.80000019073486 25 15 19.5 4.40000009536743 1.19999992847443 1.19999992847443
 0 0 57.3999977111816 40.2000007629395 69.75 43.2000007629395 1.39999997615814 24 40 26.3500003814697 95 3.70000004768372 40 0 16.2399997711182 33.5999984741211 53.9000015258789 0.399999976158142 5 20 2.59999990463257 2.59999990463257
 18.2399997711182 18.2399997711182 55 1 0 85 34.5 3 0.119999997317791 80 74.8000030517578 7.69999980926514 10 0.599999964237213 32 7.79999971389771 50 35 3.60000014305115 14.25 9.30000019073486 9.30000019073486
 59.4000015258789 59.4000015258789 0 0.349999994039536 73.5999984741211 75 79.1999969482422 27.2999992370605 0 90 90 4.40000009536743 2.72000002861023 22 2 29.1000003814697 60 0 25 15 2.79999995231628 2.79999995231628
 20 20 22.0500011444092 44.5499992370605 30.5499992370605 26 85 50.4000015258789 47.5999984741211 38.25 35 25 3.19999980926514 10 0 0.479999989271164 11.1000003814697 5.29999971389771 25 8.19999980926514 0 0
 0 0 0 6.19999980926514 1.59999990463257 0.199999988079071 83.3000030517578 0 7.50000047683716 75 0 0 6.80000019073486 0 0 0.340000003576279 7.19999980926514 0 0 0 0 0
 5.10000038146973 5.10000038146973 15 13.0499992370605 90 22.0999984741211 44.5499992370605 1.62000000476837 0.939999997615814 14.8000001907349 14.6999998092651 0 0 0 1.37999999523163 20 16.7999992370605 0 0 0 0 0
 7.20000028610229 7.20000028610229 0 4.79999971389771 14.8800001144409 9.70000076293945 0.0199999995529652 1.94000005722046 0 6.80000019073486 0.150000005960464 2.30999994277954 10 9.39999961853027 0 0.0999999940395355 0.299999982118607 0 0 0 0 0
 4.19999980926514 4.19999980926514 29 21.6000003814697 67.1999969482422 16.7999992370605 0 7.64999961853027 7.5 0 2.00999999046326 1 0 12.6000003814697 3.79999995231628 4.94999980926514 15 2.89999985694885 0 1.5 0 0
 0.699999988079071 0.699999988079071 0 23.6499996185303 63.7000007629395 5.69999980926514 0 2 0.479999989271164 3.40000009536743 0.879999995231628 0 16 30 24 0.180000007152557 0.450000017881393 14.8500003814697 3.64000010490417 4.19999980926514 19.5 19.5
 36.6000022888184 36.6000022888184 23.8000011444092 60 54.9000015258789 9.75 0 3.40000009536743 4.79999971389771 5 0 14 29.6000003814697 8 1.75 0.819999992847443 2.39999985694885 1.22000002861023 8 0.140000000596046 5.59999990463257 5.59999990463257
 15.3999996185303 15.3999996185303 20 33.25 68.6399993896484 23.25 60 13.9499998092651 57.8499984741211 1.85000002384186 1 0.400000005960464 2.03999996185303 4.44999980926514 2.39999985694885 5 7.19999980926514 19.7999992370605 2.31000018119812 10 9.90000057220459 9.90000057220459
 55 55 0 0 0 26.4000015258789 50 27.6500015258789 48.8000030517578 7.59999990463257 9.89999961853027 0 0 2 0.629999995231628 1.96000003814697 17 25.5999984741211 17.3999996185303 1.58999991416931 19.7100009918213 19.7100009918213
 2.39999985694885 2.39999985694885 76.5 0 0 0 44.1000022888184 19.1999988555908 76.5599975585938 6.80000019073486 35.0999984741211 10.3999996185303 5 0 18.1999988555908 0 5.71999979019165 32.9000015258789 2.34999990463257 0 6.71999979019165 6.71999979019165
 6.36999988555908 6.36999988555908 0 8.39999961853027 0 33.2000007629395 39.2000007629395 30 78.2000045776367 15 10 15 1.3199999332428 14.3999996185303 10.3199996948242 4 3.25 4.75 2.51999998092651 0.0599999986588955 4.07999992370605 4.07999992370605
 10 10 0.660000026226044 2.54999995231628 11.25 50 0.0999999940395355 0.319999992847443 4.5 11.1000003814697 0.799999952316284 7.69999980926514 3 2 0.920000016689301 5.67000007629395 3.59999990463257 1.62000000476837 0 0 0 0
 8.10000038146973 8.10000038146973 0 0 10.2200002670288 5.25 0 1.1599999666214 0 10.8800001144409 10.1499996185303 0.769999980926514 0 1.41999995708466 1.74000000953674 0 1.91999995708466 1.32000005245209 1.75999999046326 1.51999998092651 10 10
 5 5 0.0799999982118607 3 0.0399999991059303 25 0.199999988079071 0.839999973773956 0 26 1.70000004768372 0 0 1 0.909999966621399 2.97000002861023 0.239999994635582 0.419999986886978 3.44000005722046 0.360000014305115 0 0
 0 0 0 0.759999990463257 0.299999982118607 15 0 2 1.94999992847443 0 5 0 0 0 10.1999998092651 0 2 0 0 1.89999997615814 0 0
 0 0 0 0.759999990463257 0.299999982118607 15 0 2 1.94999992847443 0 5 0 0 0 10.1999998092651 0 2 0 0 1.89999997615814 0 0
