Input/input_p2/p2sm070905wet+4.asc
ncols     22
nrows    62
xllcorner      0.00000000
yllcorner      0.00000000
cellsize      0.50000000
nodata_value -9999
[rows 0 to 40 of 62, columns 0 to 21 of 22]
0.129060000181198 0.129060000181198 0.122409999370575 0.120320007205009 0.116140007972717 0.121649995446205 0.128680005669594 0.121080003678799 0.115000002086163 0.119939997792244 0.119939997792244 0.129629999399185 0.130769997835159 0.13400000333786 0.115000002086163 0.115190006792545 0.127350002527237 0.13400000333786 0.115000002086163 0.118990004062653 0.13400000333786 0.13400000333786
0.129060000181198 0.129060000181198 0.122409999370575 0.120320007205009 0.116140007972717 0.121649995446205 0.128680005669594 0.121080003678799 0.115000002086163 0.119939997792244 0.119939997792244 0.129629999399185 0.130769997835159 0.13400000333786 0.115000002086163 0.115190006792545 0.127350002527237 0.13400000333786 0.115000002086163 0.118990004062653 0.13400000333786 0.13400000333786
0.115000002086163 0.115000002086163 0.131340011954308 0.115000002086163 0.13400000333786 0.131909996271133 0.115000002086163 0.115000002086163 0.117279998958111 0.119750000536442 0.130769997835159 0.119180001318455 0.126400008797646 0.115000002086163 0.13400000333786 0.13400000333786 0.124119997024536 0.13400000333786 0.132480010390282 0.13400000333786 0.132860004901886 0.132860004901886
0.120320007205009 0.120320007205009 0.131720006465912 0.125640004873276 0.115380004048347 0.124880000948906 0.120509997010231 0.120509997010231 0.13400000333786 0.128490000963211 0.130960002541542 0.119369998574257 0.13400000333786 0.128490000963211 0.12830001115799 0.133809998631477 0.12202999740839 0.13400000333786 0.128490000963211 0.13400000333786 0.13400000333786 0.13400000333786
0.115950003266335 0.115950003266335 0.131340011954308 0.116329997777939 0.116520002484322 0.132290005683899 0.130390003323555 0.13400000333786 0.130769997835159 0.132860004901886 0.131150007247925 0.13400000333786 0.129060000181198 0.115000002086163 0.13400000333786 0.118990004062653 0.13400000333786 0.132480010390282 0.115000002086163 0.13400000333786 0.13400000333786 0.13400000333786
0.129440009593964 0.129440009593964 0.117279998958111 0.115000002086163 0.13400000333786 0.115000002086163 0.133809998631477 0.130390003323555 0.12279000133276 0.121080003678799 0.116329997777939 0.13400000333786 0.125640004873276 0.128680005669594 0.13400000333786 0.121080003678799 0.124880000948906 0.132480010390282 0.12678000330925 0.13400000333786 0.13400000333786 0.13400000333786
0.120320007205009 0.120320007205009 0.115000002086163 0.132100000977516 0.115000002086163 0.130960002541542 0.13400000333786 0.115000002086163 0.131340011954308 0.123170003294945 0.13400000333786 0.13400000333786 0.13400000333786 0.13400000333786 0.13400000333786 0.13400000333786 0.13400000333786 0.119180001318455 0.12678000330925 0.13400000333786 0.13400000333786 0.13400000333786
0.121840000152588 0.121840000152588 0.116140007972717 0.129440009593964 0.121840000152588 0.12754000723362 0.115190006792545 0.121840000152588 0.117279998958111 0.13400000333786 0.127159997820854 0.122979998588562 0.127159997820854 0.13400000333786 0.13400000333786 0.115380004048347 0.127159997820854 0.127730011940002 0.13400000333786 0.13400000333786 0.13400000333786 0.13400000333786
0.117279998958111 0.117279998958111 0.117279998958111 0.115000002086163 0.13400000333786 0.12601999938488 0.115380004048347 0.124500006437302 0.131909996271133 0.13400000333786 0.119180001318455 0.13400000333786 0.12279000133276 0.119369998574257 0.116329997777939 0.115000002086163 0.132670000195503 0.115000002086163 0.127730011940002 0.13400000333786 0.129440009593964 0.129440009593964
0.130769997835159 0.130769997835159 0.125829994678497 0.115000002086163 0.133049994707108 0.120509997010231 0.133619993925095 0.129060000181198 0.123929999768734 0.13400000333786 0.131340011954308 0.13400000333786 0.13400000333786 0.13400000333786 0.12601999938488 0.133809998631477 0.120509997010231 0.13400000333786 0.126590013504028 0.126590013504028 0.131909996271133 0.131909996271133
0.133430019021034 0.133430019021034 0.118420004844666 0.132290005683899 0.116520002484322 0.132290005683899 0.116710007190704 0.115950003266335 0.115000002086163 0.115000002086163 0.13400000333786 0.13400000333786 0.115000002086163 0.115000002086163 0.115000002086163 0.117089994251728 0.124119997024536 0.13400000333786 0.115000002086163 0.115000002086163 0.128870010375977 0.128870010375977
0.128109991550446 0.128109991550446 0.13400000333786 0.130960002541542 0.115000002086163 0.115000002086163 0.115190006792545 0.118420004844666 0.133049994707108 0.13400000333786 0.122979998588562 0.13400000333786 0.128490000963211 0.13400000333786 0.13400000333786 0.122979998588562 0.115000002086163 0.122409999370575 0.124880000948906 0.115000002086163 0.128870010375977 0.128870010375977
0.115000002086163 0.115000002086163 0.115950003266335 0.13400000333786 0.115000002086163 0.13400000333786 0.116520002484322 0.13400000333786 0.131720006465912 0.116140007972717 0.120130002498627 0.13400000333786 0.13400000333786 0.133809998631477 0.12525999546051 0.116520002484322 0.124310001730919 0.13400000333786 0.115000002086163 0.132860004901886 0.128870010375977 0.128870010375977
0.126590013504028 0.126590013504028 0.12525999546051 0.128490000963211 0.123740002512932 0.12525999546051 0.13400000333786 0.129060000181198 0.116140007972717 0.13400000333786 0.119180001318455 0.122979998588562 0.124310001730919 0.115000002086163 0.118610009551048 0.123740002512932 0.13400000333786 0.124500006437302 0.128490000963211 0.132290005683899 0.131150007247925 0.131150007247925
0.13400000333786 0.13400000333786 0.115000002086163 0.13400000333786 0.115380004048347 0.115000002086163 0.13400000333786 0.13400000333786 0.133619993925095 0.121080003678799 0.133619993925095 0.115000002086163 0.12754000723362 0.115000002086163 0.133809998631477 0.13400000333786 0.13400000333786 0.133619993925095 0.133619993925095 0.13400000333786 0.13400000333786 0.13400000333786
0.117660008370876 0.117660008370876 0.124310001730919 0.13400000333786 0.13323999941349 0.124119997024536 0.13400000333786 0.13400000333786 0.13400000333786 0.115000002086163 0.119180001318455 0.126590013504028 0.130960002541542 0.124310001730919 0.13400000333786 0.124690011143684 0.128870010375977 0.115759998559952 0.127920001745224 0.132290005683899 0.115000002086163 0.115000002086163
0.115000002086163 0.115000002086163 0.118420004844666 0.12678000330925 0.13400000333786 0.124119997024536 0.13400000333786 0.133809998631477 0.131530001759529 0.13400000333786 0.13400000333786 0.129629999399185 0.13400000333786 0.115190006792545 0.13400000333786 0.115000002086163 0.123929999768734 0.115190006792545 0.12678000330925 0.133809998631477 0.13400000333786 0.13400000333786
0.117470003664494 0.117470003664494 0.13400000333786 0.11879999935627 0.124119997024536 0.124880000948906 0.133619993925095 0.130199998617172 0.131720006465912 0.131150007247925 0.131720006465912 0.117089994251728 0.13400000333786 0.13400000333786 0.13400000333786 0.133809998631477 0.124880000948906 0.13323999941349 0.13400000333786 0.13400000333786 0.13400000333786 0.13400000333786
0.120890006422997 0.120890006422997 0.115759998559952 0.126400008797646 0.13400000333786 0.124880000948906 0.13400000333786 0.115380004048347 0.131720006465912 0.128109991550446 0.133430019021034 0.13400000333786 0.115759998559952 0.131720006465912 0.12601999938488 0.13400000333786 0.12525999546051 0.115000002086163 0.133430019021034 0.118230000138283 0.128870010375977 0.128870010375977
0.115000002086163 0.115000002086163 0.130580008029938 0.115000002086163 0.123360008001328 0.125640004873276 0.13400000333786 0.13400000333786 0.13400000333786 0.13400000333786 0.123170003294945 0.13400000333786 0.13400000333786 0.13400000333786 0.129250004887581 0.125640004873276 0.13400000333786 0.12279000133276 0.13400000333786 0.12525999546051 0.126400008797646 0.126400008797646
0.115000002086163 0.115000002086163 0.115000002086163 0.115000002086163 0.132670000195503 0.13400000333786 0.13400000333786 0.13400000333786 0.13400000333786 0.122220002114773 0.13400000333786 0.132860004901886 0.133619993925095 0.115000002086163 0.126590013504028 0.13400000333786 0.124690011143684 0.13400000333786 0.13400000333786 0.130960002541542 0.128870010375977 0.128870010375977
0.115000002086163 0.115000002086163 0.115000002086163 0.119180001318455 0.13400000333786 0.13400000333786 0.13400000333786 0.121460005640984 0.13400000333786 0.122600004076958 0.119180001318455 0.126210004091263 0.120320007205009 0.115000002086163 0.13400000333786 0.122979998588562 0.124500006437302 0.13323999941349 0.12279000133276 0.132100000977516 0.115000002086163 0.115000002086163
0.115000002086163 0.115000002086163 0.129060000181198 0.115759998559952 0.115190006792545 0.115950003266335 0.117089994251728 0.117089994251728 0.119180001318455 0.120509997010231 0.133619993925095 0.115000002086163 0.115000002086163 0.115000002086163 0.124310001730919 0.117470003664494 0.115000002086163 0.132670000195503 0.125640004873276 0.13400000333786 0.13400000333786 0.13400000333786
0.12678000330925 0.12678000330925 0.13400000333786 0.117660008370876 0.115000002086163 0.13400000333786 0.122220002114773 0.13400000333786 0.121270000934601 0.122979998588562 0.123170003294945 0.117660008370876 0.12678000330925 0.116520002484322 0.13400000333786 0.122409999370575 0.12830001115799 0.116520002484322 0.12678000330925 0.124119997024536 0.115000002086163 0.115000002086163
0.13400000333786 0.13400000333786 0.115000002086163 0.13400000333786 0.130199998617172 0.126210004091263 0.13400000333786 0.13400000333786 0.117089994251728 0.13400000333786 0.133430019021034 0.129629999399185 0.117660008370876 0.13400000333786 0.132860004901886 0.130960002541542 0.125450000166893 0.13400000333786 0.115950003266335 0.131340011954308 0.115000002086163 0.115000002086163
0.121460005640984 0.121460005640984 0.130580008029938 0.115000002086163 0.127920001745224 0.115000002086163 0.115000002086163 0.13400000333786 0.12754000723362 0.12754000723362 0.131150007247925 0.129060000181198 0.131909996271133 0.12601999938488 0.13400000333786 0.127159997820854 0.128109991550446 0.12754000723362 0.126210004091263 0.115000002086163 0.128870010375977 0.128870010375977
0.115000002086163 0.115000002086163 0.128490000963211 0.13400000333786 0.132860004901886 0.124880000948906 0.133619993925095 0.118420004844666 0.116900004446507 0.13400000333786 0.118610009551048 0.130390003323555 0.132860004901886 0.13400000333786 0.13400000333786 0.11879999935627 0.13400000333786 0.13400000333786 0.13400000333786 0.13400000333786 0.13400000333786 0.13400000333786
0.13400000333786 0.13400000333786 0.123170003294945 0.13400000333786 0.115380004048347 0.117850005626678 0.128109991550446 0.12601999938488 0.115000002086163 0.13400000333786 0.12525999546051 0.119559995830059 0.123929999768734 0.128870010375977 0.117470003664494 0.133619993925095 0.127159997820854 0.120890006422997 0.125829994678497 0.13400000333786 0.13400000333786 0.13400000333786
0.115000002086163 0.115000002086163 0.118990004062653 0.118990004062653 0.115000002086163 0.124690011143684 0.130010008811951 0.132290005683899 0.130010008811951 0.118990004062653 0.130010008811951 0.130580008029938 0.125070005655289 0.132100000977516 0.12754000723362 0.13400000333786 0.132100000977516 0.13400000333786 0.131530001759529 0.131340011954308 0.13400000333786 0.13400000333786
0.115000002086163 0.115000002086163 0.118420004844666 0.13400000333786 0.121270000934601 0.124310001730919 0.128870010375977 0.122979998588562 0.115000002086163 0.13400000333786 0.12678000330925 0.13400000333786 0.122979998588562 0.115000002086163 0.115000002086163 0.13400000333786 0.115000002086163 0.121270000934601 0.120130002498627 0.13400000333786 0.130199998617172 0.130199998617172
0.125450000166893 0.125450000166893 0.115000002086163 0.128680005669594 0.115000002086163 0.13400000333786 0.115190006792545 0.127920001745224 0.115000002086163 0.115000002086163 0.130769997835159 0.130390003323555 0.13400000333786 0.117279998958111 0.132100000977516 0.133809998631477 0.13400000333786 0.132860004901886 0.12678000330925 0.119559995830059 0.119559995830059 0.119559995830059
0.118990004062653 0.118990004062653 0.115000002086163 0.128680005669594 0.115000002086163 0.124880000948906 0.119939997792244 0.117660008370876 0.11557000130415 0.13400000333786 0.129440009593964 0.12279000133276 0.121080003678799 0.13400000333786 0.123740002512932 0.133809998631477 0.13400000333786 0.120700001716614 0.132290005683899 0.115000002086163 0.13400000333786 0.13400000333786
0.125070005655289 0.125070005655289 0.115000002086163 0.12355000525713 0.115000002086163 0.131340011954308 0.13400000333786 0.130960002541542 0.132290005683899 0.120320007205009 0.116140007972717 0.130960002541542 0.118610009551048 0.13400000333786 0.122979998588562 0.128680005669594 0.128680005669594 0.116520002484322 0.125450000166893 0.13400000333786 0.128870010375977 0.128870010375977
0.116140007972717 0.116140007972717 0.118420004844666 0.130010008811951 0.13400000333786 0.122979998588562 0.115380004048347 0.132290005683899 0.116900004446507 0.130010008811951 0.13400000333786 0.122409999370575 0.13400000333786 0.13400000333786 0.13400000333786 0.130199998617172 0.12601999938488 0.130010008811951 0.118990004062653 0.130580008029938 0.125829994678497 0.125829994678497
0.120890006422997 0.120890006422997 0.129250004887581 0.13400000333786 0.132670000195503 0.120890006422997 0.115380004048347 0.130580008029938 0.128870010375977 0.13400000333786 0.119180001318455 0.13400000333786 0.130010008811951 0.13400000333786 0.13400000333786 0.13400000333786 0.13400000333786 0.13400000333786 0.115000002086163 0.128109991550446 0.128870010375977 0.128870010375977
0.13400000333786 0.13400000333786 0.115000002086163 0.131909996271133 0.119559995830059 0.13400000333786 0.133619993925095 0.125070005655289 0.118420004844666 0.123360008001328 0.130390003323555 0.127159997820854 0.115000002086163 0.120320007205009 0.130580008029938 0.130769997835159 0.123170003294945 0.130580008029938 0.13400000333786 0.13400000333786 0.129629999399185 0.129629999399185
0.129250004887581 0.129250004887581 0.117279998958111 0.12754000723362 0.122409999370575 0.121649995446205 0.115000002086163 0.115000002086163 0.115000002086163 0.115000002086163 0.13400000333786 0.119180001318455 0.13400000333786 0.131720006465912 0.13400000333786 0.121840000152588 0.12754000723362 0.133430019021034 0.131530001759529 0.130580008029938 0.116710007190704 0.116710007190704
0.132100000977516 0.132100000977516 0.117660008370876 0.117660008370876 0.116520002484322 0.12279000133276 0.115000002086163 0.115000002086163 0.115000002086163 0.115000002086163 0.119180001318455 0.131909996271133 0.116900004446507 0.129250004887581 0.13400000333786 0.13400000333786 0.13400000333786 0.133809998631477 0.123740002512932 0.13400000333786 0.120320007205009 0.120320007205009
0.13400000333786 0.13400000333786 0.13400000333786 0.115000002086163 0.12601999938488 0.12830001115799 0.133619993925095 0.115000002086163 0.115000002086163 0.115000002086163 0.115000002086163 0.131340011954308 0.13400000333786 0.13400000333786 0.124880000948906 0.126590013504028 0.122220002114773 0.13400000333786 0.129629999399185 0.130580008029938 0.12355000525713 0.12355000525713
0.121649995446205 0.121649995446205 0.13400000333786 0.131909996271133 0.115000002086163 0.124880000948906 0.115000002086163 0.131909996271133 0.115000002086163 0.115000002086163 0.115380004048347 0.115380004048347 0.117089994251728 0.13400000333786 0.122979998588562 0.115000002086163 0.13400000333786 0.13400000333786 0.126400008797646 0.117089994251728 0.115000002086163 0.115000002086163
0.115000002086163 0.115000002086163 0.124310001730919 0.129060000181198 0.115759998559952 0.124500006437302 0.12601999938488 0.130769997835159 0.124119997024536 0.127920001745224 0.123740002512932 0.126210004091263 0.126400008797646 0.13400000333786 0.13400000333786 0.122979998588562 0.13400000333786 0.125450000166893 0.12678000330925 0.132670000195503 0.123170003294945 0.123170003294945
