Input/input_p2/plot2_phi6.asc
ncols         22
nrows         62
xllcorner     0.00000000
yllcorner     0.00000000
cellsize      0.5
nodata_value  -9999
[rows 0 to 38 of 62, columns 0 to 21 of 22]
0.0919900014996529 0.0919900014996529 0.0610149949789047 0.051280003041029 0.031810000538826 0.0574750006198883 0.0902200043201447 0.0548199974000454 0.0265000015497208 0.0495099984109402 0.0495099984109402 0.0946449935436249 0.0999550074338913 0.115000002086163 0.0265000015497208 0.02738500200212 0.084025003015995 0.115000002086163 0.0265000015497208 0.0450850017368793 0.115000002086163 0.115000002086163
0.0919900014996529 0.0919900014996529 0.0610149949789047 0.051280003041029 0.031810000538826 0.0574750006198883 0.0902200043201447 0.0548199974000454 0.0265000015497208 0.0495099984109402 0.0495099984109402 0.0946449935436249 0.0999550074338913 0.115000002086163 0.0265000015497208 0.02738500200212 0.084025003015995 0.115000002086163 0.0265000015497208 0.0450850017368793 0.115000002086163 0.115000002086163
0.0265000015497208 0.0265000015497208 0.102610006928444 0.0265000015497208 0.115000002086163 0.105264998972416 0.0265000015497208 0.0265000015497208 0.0371199995279312 0.0486250035464764 0.0999550074338913 0.0459700003266335 0.0795999988913536 0.0265000015497208 0.115000002086163 0.115000002086163 0.0689800009131432 0.115000002086163 0.107919998466969 0.115000002086163 0.109690010547638 0.109690010547638
0.051280003041029 0.051280003041029 0.104379996657372 0.0760599970817566 0.0282700005918741 0.0725199952721596 0.0521649979054928 0.0521649979054928 0.115000002086163 0.0893350020051003 0.100839994847775 0.0468550026416779 0.115000002086163 0.0893350020051003 0.0884499996900558 0.114114999771118 0.0592450015246868 0.115000002086163 0.0893350020051003 0.115000002086163 0.115000002086163 0.115000002086163
0.0309250019490719 0.0309250019490719 0.102610006928444 0.0326950028538704 0.0335800014436245 0.107034996151924 0.0981849953532219 0.115000002086163 0.0999550074338913 0.109690010547638 0.1017250046134 0.115000002086163 0.0919900014996529 0.0265000015497208 0.115000002086163 0.0450850017368793 0.115000002086163 0.107919998466969 0.0265000015497208 0.115000002086163 0.115000002086163 0.115000002086163
0.0937599912285805 0.0937599912285805 0.0371199995279312 0.0265000015497208 0.115000002086163 0.0265000015497208 0.114114999771118 0.0981849953532219 0.0627849996089935 0.0548199974000454 0.0326950028538704 0.115000002086163 0.0760599970817566 0.0902200043201447 0.115000002086163 0.0548199974000454 0.0725199952721596 0.107919998466969 0.0813700035214424 0.115000002086163 0.115000002086163 0.115000002086163
0.051280003041029 0.051280003041029 0.0265000015497208 0.10615000128746 0.0265000015497208 0.100839994847775 0.115000002086163 0.0265000015497208 0.102610006928444 0.0645550042390823 0.115000002086163 0.115000002086163 0.115000002086163 0.115000002086163 0.115000002086163 0.115000002086163 0.115000002086163 0.0459700003266335 0.0813700035214424 0.115000002086163 0.115000002086163 0.115000002086163
0.0583600029349327 0.0583600029349327 0.031810000538826 0.0937599912285805 0.0583600029349327 0.0849100053310394 0.02738500200212 0.0583600029349327 0.0371199995279312 0.115000002086163 0.0831400007009506 0.0636700019240379 0.0831400007009506 0.115000002086163 0.115000002086163 0.0282700005918741 0.0831400007009506 0.0857950001955032 0.115000002086163 0.115000002086163 0.115000002086163 0.115000002086163
0.0371199995279312 0.0371199995279312 0.0371199995279312 0.0265000015497208 0.115000002086163 0.0778299942612648 0.0282700005918741 0.0707499980926514 0.105264998972416 0.115000002086163 0.0459700003266335 0.115000002086163 0.0627849996089935 0.0468550026416779 0.0326950028538704 0.0265000015497208 0.108805000782013 0.0265000015497208 0.0857950001955032 0.115000002086163 0.0937599912285805 0.0937599912285805
0.0999550074338913 0.0999550074338913 0.076944999396801 0.0265000015497208 0.110574997961521 0.0521649979054928 0.113230012357235 0.0919900014996529 0.0680949985980988 0.115000002086163 0.102610006928444 0.115000002086163 0.115000002086163 0.115000002086163 0.0778299942612648 0.114114999771118 0.0521649979054928 0.115000002086163 0.080485001206398 0.080485001206398 0.105264998972416 0.105264998972416
0.112345010042191 0.112345010042191 0.0424299985170364 0.107034996151924 0.0335800014436245 0.107034996151924 0.0344650037586689 0.0309250019490719 0.0265000015497208 0.0265000015497208 0.115000002086163 0.115000002086163 0.0265000015497208 0.0265000015497208 0.0265000015497208 0.0362349972128868 0.0689800009131432 0.115000002086163 0.0265000015497208 0.0265000015497208 0.0911050066351891 0.0911050066351891
0.087565004825592 0.087565004825592 0.115000002086163 0.100839994847775 0.0265000015497208 0.0265000015497208 0.02738500200212 0.0424299985170364 0.110574997961521 0.115000002086163 0.0636700019240379 0.115000002086163 0.0893350020051003 0.115000002086163 0.115000002086163 0.0636700019240379 0.0265000015497208 0.0610149949789047 0.0725199952721596 0.0265000015497208 0.0911050066351891 0.0911050066351891
0.0265000015497208 0.0265000015497208 0.0309250019490719 0.115000002086163 0.0265000015497208 0.115000002086163 0.0335800014436245 0.115000002086163 0.104379996657372 0.031810000538826 0.0503950007259846 0.115000002086163 0.115000002086163 0.114114999771118 0.0742899999022484 0.0335800014436245 0.0698650032281876 0.115000002086163 0.0265000015497208 0.109690010547638 0.0911050066351891 0.0911050066351891
0.080485001206398 0.080485001206398 0.0742899999022484 0.0893350020051003 0.0672100037336349 0.0742899999022484 0.115000002086163 0.0919900014996529 0.031810000538826 0.115000002086163 0.0459700003266335 0.0636700019240379 0.0698650032281876 0.0265000015497208 0.0433150008320808 0.0672100037336349 0.115000002086163 0.0707499980926514 0.0893350020051003 0.107034996151924 0.1017250046134 0.1017250046134
0.115000002086163 0.115000002086163 0.0265000015497208 0.115000002086163 0.0282700005918741 0.0265000015497208 0.115000002086163 0.115000002086163 0.113230012357235 0.0548199974000454 0.113230012357235 0.0265000015497208 0.0849100053310394 0.0265000015497208 0.114114999771118 0.115000002086163 0.115000002086163 0.113230012357235 0.113230012357235 0.115000002086163 0.115000002086163 0.115000002086163
0.0388900004327297 0.0388900004327297 0.0698650032281876 0.115000002086163 0.111460000276566 0.0689800009131432 0.115000002086163 0.115000002086163 0.115000002086163 0.0265000015497208 0.0459700003266335 0.080485001206398 0.100839994847775 0.0698650032281876 0.115000002086163 0.0716350004076958 0.0911050066351891 0.0300400014966726 0.0866800025105476 0.107034996151924 0.0265000015497208 0.0265000015497208
0.0265000015497208 0.0265000015497208 0.0424299985170364 0.0813700035214424 0.115000002086163 0.0689800009131432 0.115000002086163 0.114114999771118 0.103494994342327 0.115000002086163 0.115000002086163 0.0946449935436249 0.115000002086163 0.02738500200212 0.115000002086163 0.0265000015497208 0.0680949985980988 0.02738500200212 0.0813700035214424 0.114114999771118 0.115000002086163 0.115000002086163
0.0380049981176853 0.0380049981176853 0.115000002086163 0.0441999994218349 0.0689800009131432 0.0725199952721596 0.113230012357235 0.0972999930381775 0.104379996657372 0.1017250046134 0.104379996657372 0.0362349972128868 0.115000002086163 0.115000002086163 0.115000002086163 0.114114999771118 0.0725199952721596 0.111460000276566 0.115000002086163 0.115000002086163 0.115000002086163 0.115000002086163
0.0539350025355816 0.0539350025355816 0.0300400014966726 0.0795999988913536 0.115000002086163 0.0725199952721596 0.115000002086163 0.0282700005918741 0.104379996657372 0.087565004825592 0.112345010042191 0.115000002086163 0.0300400014966726 0.104379996657372 0.0778299942612648 0.115000002086163 0.0742899999022484 0.0265000015497208 0.112345010042191 0.0415449999272823 0.0911050066351891 0.0911050066351891
0.0265000015497208 0.0265000015497208 0.0990700051188469 0.0265000015497208 0.0654399991035461 0.0760599970817566 0.115000002086163 0.115000002086163 0.115000002086163 0.115000002086163 0.0645550042390823 0.115000002086163 0.115000002086163 0.115000002086163 0.0928750038146973 0.0760599970817566 0.115000002086163 0.0627849996089935 0.115000002086163 0.0742899999022484 0.0795999988913536 0.0795999988913536
0.0265000015497208 0.0265000015497208 0.0265000015497208 0.0265000015497208 0.108805000782013 0.115000002086163 0.115000002086163 0.115000002086163 0.115000002086163 0.0601300001144409 0.115000002086163 0.109690010547638 0.113230012357235 0.0265000015497208 0.080485001206398 0.115000002086163 0.0716350004076958 0.115000002086163 0.115000002086163 0.100839994847775 0.0911050066351891 0.0911050066351891
0.0265000015497208 0.0265000015497208 0.0265000015497208 0.0459700003266335 0.115000002086163 0.115000002086163 0.115000002086163 0.0565900057554245 0.115000002086163 0.0619000010192394 0.0459700003266335 0.0787149965763092 0.051280003041029 0.0265000015497208 0.115000002086163 0.0636700019240379 0.0707499980926514 0.111460000276566 0.0627849996089935 0.10615000128746 0.0265000015497208 0.0265000015497208
0.0265000015497208 0.0265000015497208 0.0919900014996529 0.0300400014966726 0.02738500200212 0.0309250019490719 0.0362349972128868 0.0362349972128868 0.0459700003266335 0.0521649979054928 0.113230012357235 0.0265000015497208 0.0265000015497208 0.0265000015497208 0.0698650032281876 0.0380049981176853 0.0265000015497208 0.108805000782013 0.0760599970817566 0.115000002086163 0.115000002086163 0.115000002086163
0.0813700035214424 0.0813700035214424 0.115000002086163 0.0388900004327297 0.0265000015497208 0.115000002086163 0.0601300001144409 0.115000002086163 0.0557050034403801 0.0636700019240379 0.0645550042390823 0.0388900004327297 0.0813700035214424 0.0335800014436245 0.115000002086163 0.0610149949789047 0.0884499996900558 0.0335800014436245 0.0813700035214424 0.0689800009131432 0.0265000015497208 0.0265000015497208
0.115000002086163 0.115000002086163 0.0265000015497208 0.115000002086163 0.0972999930381775 0.0787149965763092 0.115000002086163 0.115000002086163 0.0362349972128868 0.115000002086163 0.112345010042191 0.0946449935436249 0.0388900004327297 0.115000002086163 0.109690010547638 0.100839994847775 0.0751750022172928 0.115000002086163 0.0309250019490719 0.102610006928444 0.0265000015497208 0.0265000015497208
0.0565900057554245 0.0565900057554245 0.0990700051188469 0.0265000015497208 0.0866800025105476 0.0265000015497208 0.0265000015497208 0.115000002086163 0.0849100053310394 0.0849100053310394 0.1017250046134 0.0919900014996529 0.105264998972416 0.0778299942612648 0.115000002086163 0.0831400007009506 0.087565004825592 0.0849100053310394 0.0787149965763092 0.0265000015497208 0.0911050066351891 0.0911050066351891
0.0265000015497208 0.0265000015497208 0.0893350020051003 0.115000002086163 0.109690010547638 0.0725199952721596 0.113230012357235 0.0424299985170364 0.0353499986231327 0.115000002086163 0.0433150008320808 0.0981849953532219 0.109690010547638 0.115000002086163 0.115000002086163 0.0441999994218349 0.115000002086163 0.115000002086163 0.115000002086163 0.115000002086163 0.115000002086163 0.115000002086163
0.115000002086163 0.115000002086163 0.0645550042390823 0.115000002086163 0.0282700005918741 0.0397749990224838 0.087565004825592 0.0778299942612648 0.0265000015497208 0.115000002086163 0.0742899999022484 0.047740001231432 0.0680949985980988 0.0911050066351891 0.0380049981176853 0.113230012357235 0.0831400007009506 0.0539350025355816 0.076944999396801 0.115000002086163 0.115000002086163 0.115000002086163
0.0265000015497208 0.0265000015497208 0.0450850017368793 0.0450850017368793 0.0265000015497208 0.0716350004076958 0.0964150056242943 0.107034996151924 0.0964150056242943 0.0450850017368793 0.0964150056242943 0.0990700051188469 0.073404997587204 0.10615000128746 0.0849100053310394 0.115000002086163 0.10615000128746 0.115000002086163 0.103494994342327 0.102610006928444 0.115000002086163 0.115000002086163
0.0265000015497208 0.0265000015497208 0.0424299985170364 0.115000002086163 0.0557050034403801 0.0698650032281876 0.0911050066351891 0.0636700019240379 0.0265000015497208 0.115000002086163 0.0813700035214424 0.115000002086163 0.0636700019240379 0.0265000015497208 0.0265000015497208 0.115000002086163 0.0265000015497208 0.0557050034403801 0.0503950007259846 0.115000002086163 0.0972999930381775 0.0972999930381775
0.0751750022172928 0.0751750022172928 0.0265000015497208 0.0902200043201447 0.0265000015497208 0.115000002086163 0.02738500200212 0.0866800025105476 0.0265000015497208 0.0265000015497208 0.0999550074338913 0.0981849953532219 0.115000002086163 0.0371199995279312 0.10615000128746 0.114114999771118 0.115000002086163 0.109690010547638 0.0813700035214424 0.047740001231432 0.047740001231432 0.047740001231432
0.0450850017368793 0.0450850017368793 0.0265000015497208 0.0902200043201447 0.0265000015497208 0.0725199952721596 0.0495099984109402 0.0388900004327297 0.0291550010442734 0.115000002086163 0.0937599912285805 0.0627849996089935 0.0548199974000454 0.115000002086163 0.0672100037336349 0.114114999771118 0.115000002086163 0.0530500039458275 0.107034996151924 0.0265000015497208 0.115000002086163 0.115000002086163
0.073404997587204 0.073404997587204 0.0265000015497208 0.0663249939680099 0.0265000015497208 0.102610006928444 0.115000002086163 0.100839994847775 0.107034996151924 0.051280003041029 0.031810000538826 0.100839994847775 0.0433150008320808 0.115000002086163 0.0636700019240379 0.0902200043201447 0.0902200043201447 0.0335800014436245 0.0751750022172928 0.115000002086163 0.0911050066351891 0.0911050066351891
0.031810000538826 0.031810000538826 0.0424299985170364 0.0964150056242943 0.115000002086163 0.0636700019240379 0.0282700005918741 0.107034996151924 0.0353499986231327 0.0964150056242943 0.115000002086163 0.0610149949789047 0.115000002086163 0.115000002086163 0.115000002086163 0.0972999930381775 0.0778299942612648 0.0964150056242943 0.0450850017368793 0.0990700051188469 0.076944999396801 0.076944999396801
0.0539350025355816 0.0539350025355816 0.0928750038146973 0.115000002086163 0.108805000782013 0.0539350025355816 0.0282700005918741 0.0990700051188469 0.0911050066351891 0.115000002086163 0.0459700003266335 0.115000002086163 0.0964150056242943 0.115000002086163 0.115000002086163 0.115000002086163 0.115000002086163 0.115000002086163 0.0265000015497208 0.087565004825592 0.0911050066351891 0.0911050066351891
0.115000002086163 0.115000002086163 0.0265000015497208 0.105264998972416 0.047740001231432 0.115000002086163 0.113230012357235 0.073404997587204 0.0424299985170364 0.0654399991035461 0.0981849953532219 0.0831400007009506 0.0265000015497208 0.051280003041029 0.0990700051188469 0.0999550074338913 0.0645550042390823 0.0990700051188469 0.115000002086163 0.115000002086163 0.0946449935436249 0.0946449935436249
0.0928750038146973 0.0928750038146973 0.0371199995279312 0.0849100053310394 0.0610149949789047 0.0574750006198883 0.0265000015497208 0.0265000015497208 0.0265000015497208 0.0265000015497208 0.115000002086163 0.0459700003266335 0.115000002086163 0.104379996657372 0.115000002086163 0.0583600029349327 0.0849100053310394 0.112345010042191 0.103494994342327 0.0990700051188469 0.0344650037586689 0.0344650037586689
0.10615000128746 0.10615000128746 0.0388900004327297 0.0388900004327297 0.0335800014436245 0.0627849996089935 0.0265000015497208 0.0265000015497208 0.0265000015497208 0.0265000015497208 0.0459700003266335 0.105264998972416 0.0353499986231327 0.0928750038146973 0.115000002086163 0.115000002086163 0.115000002086163 0.114114999771118 0.0672100037336349 0.115000002086163 0.051280003041029 0.051280003041029
0.115000002086163 0.115000002086163 0.115000002086163 0.0265000015497208 0.0778299942612648 0.0884499996900558 0.113230012357235 0.0265000015497208 0.0265000015497208 0.0265000015497208 0.0265000015497208 0.102610006928444 0.115000002086163 0.115000002086163 0.0725199952721596 0.080485001206398 0.0601300001144409 0.115000002086163 0.0946449935436249 0.0990700051188469 0.0663249939680099 0.0663249939680099
