Input/input_p2/plot2_phi3.asc
ncols         22
nrows         62
xllcorner     0.00000000
yllcorner     0.00000000
cellsize      0.5
nodata_value  -9999
[rows 0 to 37 of 62, columns 0 to 21 of 22]
0.0241100005805492 0.0241100005805492 0.0323349982500076 0.0349199995398521 0.0400899983942509 0.0332749970257282 0.0245800018310547 0.0339800007641315 0.0415000021457672 0.0353900007903576 0.0353900007903576 0.0234049987047911 0.0219950005412102 0.0179999992251396 0.0415000021457672 0.0412649996578693 0.0262249987572432 0.0179999992251396 0.0415000021457672 0.0365650020539761 0.0179999992251396 0.0179999992251396
0.0241100005805492 0.0241100005805492 0.0323349982500076 0.0349199995398521 0.0400899983942509 0.0332749970257282 0.0245800018310547 0.0339800007641315 0.0415000021457672 0.0353900007903576 0.0353900007903576 0.0234049987047911 0.0219950005412102 0.0179999992251396 0.0415000021457672 0.0412649996578693 0.0262249987572432 0.0179999992251396 0.0415000021457672 0.0365650020539761 0.0179999992251396 0.0179999992251396
0.0415000021457672 0.0415000021457672 0.021289998665452 0.0415000021457672 0.0179999992251396 0.020584998652339 0.0415000021457672 0.0415000021457672 0.0386800020933151 0.0356250032782555 0.0219950005412102 0.0363299995660782 0.0274000018835068 0.0415000021457672 0.0179999992251396 0.0179999992251396 0.0302199982106686 0.0179999992251396 0.0198800005018711 0.0179999992251396 0.0194099992513657 0.0194099992513657
0.0349199995398521 0.0349199995398521 0.0208199992775917 0.0283400006592274 0.0410300008952618 0.029279999434948 0.0346850007772446 0.0346850007772446 0.0179999992251396 0.0248149987310171 0.0217599980533123 0.0360950008034706 0.0179999992251396 0.0248149987310171 0.025050001218915 0.0182349998503923 0.0328049995005131 0.0179999992251396 0.0248149987310171 0.0179999992251396 0.0179999992251396 0.0179999992251396
0.0403250008821487 0.0403250008821487 0.021289998665452 0.0398549996316433 0.0396200008690357 0.0201150011271238 0.0224649999290705 0.0179999992251396 0.0219950005412102 0.0194099992513657 0.0215250011533499 0.0179999992251396 0.0241100005805492 0.0415000021457672 0.0179999992251396 0.0365650020539761 0.0179999992251396 0.0198800005018711 0.0415000021457672 0.0179999992251396 0.0179999992251396 0.0179999992251396
0.0236399993300438 0.0236399993300438 0.0386800020933151 0.0415000021457672 0.0179999992251396 0.0415000021457672 0.0182349998503923 0.0224649999290705 0.0318649969995022 0.0339800007641315 0.0398549996316433 0.0179999992251396 0.0283400006592274 0.0245800018310547 0.0179999992251396 0.0339800007641315 0.029279999434948 0.0198800005018711 0.0269299987703562 0.0179999992251396 0.0179999992251396 0.0179999992251396
0.0349199995398521 0.0349199995398521 0.0415000021457672 0.0203499980270863 0.0415000021457672 0.0217599980533123 0.0179999992251396 0.0415000021457672 0.021289998665452 0.031394999474287 0.0179999992251396 0.0179999992251396 0.0179999992251396 0.0179999992251396 0.0179999992251396 0.0179999992251396 0.0179999992251396 0.0363299995660782 0.0269299987703562 0.0179999992251396 0.0179999992251396 0.0179999992251396
0.0330399982631207 0.0330399982631207 0.0400899983942509 0.0236399993300438 0.0330399982631207 0.0259899999946356 0.0412649996578693 0.0330399982631207 0.0386800020933151 0.0179999992251396 0.0264599993824959 0.0316300019621849 0.0264599993824959 0.0179999992251396 0.0179999992251396 0.0410300008952618 0.0264599993824959 0.0257549993693829 0.0179999992251396 0.0179999992251396 0.0179999992251396 0.0179999992251396
0.0386800020933151 0.0386800020933151 0.0386800020933151 0.0415000021457672 0.0179999992251396 0.0278699994087219 0.0410300008952618 0.0297499988228083 0.020584998652339 0.0179999992251396 0.0363299995660782 0.0179999992251396 0.0318649969995022 0.0360950008034706 0.0398549996316433 0.0415000021457672 0.0196449998766184 0.0415000021457672 0.0257549993693829 0.0179999992251396 0.0236399993300438 0.0236399993300438
0.0219950005412102 0.0219950005412102 0.0281050018966198 0.0415000021457672 0.0191749986261129 0.0346850007772446 0.0184699986129999 0.0241100005805492 0.0304549988359213 0.0179999992251396 0.021289998665452 0.0179999992251396 0.0179999992251396 0.0179999992251396 0.0278699994087219 0.0182349998503923 0.0346850007772446 0.0179999992251396 0.0271650012582541 0.0271650012582541 0.020584998652339 0.020584998652339
0.0187050011008978 0.0187050011008978 0.0372700020670891 0.0201150011271238 0.0396200008690357 0.0201150011271238 0.0393850021064281 0.0403250008821487 0.0415000021457672 0.0415000021457672 0.0179999992251396 0.0179999992251396 0.0415000021457672 0.0415000021457672 0.0415000021457672 0.0389150008559227 0.0302199982106686 0.0179999992251396 0.0415000021457672 0.0415000021457672 0.0243450030684471 0.0243450030684471
0.0252849999815226 0.0252849999815226 0.0179999992251396 0.0217599980533123 0.0415000021457672 0.0415000021457672 0.0412649996578693 0.0372700020670891 0.0191749986261129 0.0179999992251396 0.0316300019621849 0.0179999992251396 0.0248149987310171 0.0179999992251396 0.0179999992251396 0.0316300019621849 0.0415000021457672 0.0323349982500076 0.029279999434948 0.0415000021457672 0.0243450030684471 0.0243450030684471
0.0415000021457672 0.0415000021457672 0.0403250008821487 0.0179999992251396 0.0415000021457672 0.0179999992251396 0.0396200008690357 0.0179999992251396 0.0208199992775917 0.0400899983942509 0.03515500202775 0.0179999992251396 0.0179999992251396 0.0182349998503923 0.0288100000470877 0.0396200008690357 0.029984999448061 0.0179999992251396 0.0415000021457672 0.0194099992513657 0.0243450030684471 0.0243450030684471
0.0271650012582541 0.0271650012582541 0.0288100000470877 0.0248149987310171 0.0306900031864643 0.0288100000470877 0.0179999992251396 0.0241100005805492 0.0400899983942509 0.0179999992251396 0.0363299995660782 0.0316300019621849 0.029984999448061 0.0415000021457672 0.0370349995791912 0.0306900031864643 0.0179999992251396 0.0297499988228083 0.0248149987310171 0.0201150011271238 0.0215250011533499 0.0215250011533499
0.0179999992251396 0.0179999992251396 0.0415000021457672 0.0179999992251396 0.0410300008952618 0.0415000021457672 0.0179999992251396 0.0179999992251396 0.0184699986129999 0.0339800007641315 0.0184699986129999 0.0415000021457672 0.0259899999946356 0.0415000021457672 0.0182349998503923 0.0179999992251396 0.0179999992251396 0.0184699986129999 0.0184699986129999 0.0179999992251396 0.0179999992251396 0.0179999992251396
0.0382100045681 0.0382100045681 0.029984999448061 0.0179999992251396 0.0189399998635054 0.0302199982106686 0.0179999992251396 0.0179999992251396 0.0179999992251396 0.0415000021457672 0.0363299995660782 0.0271650012582541 0.0217599980533123 0.029984999448061 0.0179999992251396 0.0295150019228458 0.0243450030684471 0.040559995919466 0.0255200006067753 0.0201150011271238 0.0415000021457672 0.0415000021457672
0.0415000021457672 0.0415000021457672 0.0372700020670891 0.0269299987703562 0.0179999992251396 0.0302199982106686 0.0179999992251396 0.0182349998503923 0.0210549999028444 0.0179999992251396 0.0179999992251396 0.0234049987047911 0.0179999992251396 0.0412649996578693 0.0179999992251396 0.0415000021457672 0.0304549988359213 0.0412649996578693 0.0269299987703562 0.0182349998503923 0.0179999992251396 0.0179999992251396
0.0384449996054173 0.0384449996054173 0.0179999992251396 0.0368000008165836 0.0302199982106686 0.029279999434948 0.0184699986129999 0.0227000005543232 0.0208199992775917 0.0215250011533499 0.0208199992775917 0.0389150008559227 0.0179999992251396 0.0179999992251396 0.0179999992251396 0.0182349998503923 0.029279999434948 0.0189399998635054 0.0179999992251396 0.0179999992251396 0.0179999992251396 0.0179999992251396
0.0342150032520294 0.0342150032520294 0.040559995919466 0.0274000018835068 0.0179999992251396 0.029279999434948 0.0179999992251396 0.0410300008952618 0.0208199992775917 0.0252849999815226 0.0187050011008978 0.0179999992251396 0.040559995919466 0.0208199992775917 0.0278699994087219 0.0179999992251396 0.0288100000470877 0.0415000021457672 0.0187050011008978 0.0375050008296967 0.0243450030684471 0.0243450030684471
0.0415000021457672 0.0415000021457672 0.0222300011664629 0.0415000021457672 0.0311600025743246 0.0283400006592274 0.0179999992251396 0.0179999992251396 0.0179999992251396 0.0179999992251396 0.031394999474287 0.0179999992251396 0.0179999992251396 0.0179999992251396 0.0238749980926514 0.0283400006592274 0.0179999992251396 0.0318649969995022 0.0179999992251396 0.0288100000470877 0.0274000018835068 0.0274000018835068
0.0415000021457672 0.0415000021457672 0.0415000021457672 0.0415000021457672 0.0196449998766184 0.0179999992251396 0.0179999992251396 0.0179999992251396 0.0179999992251396 0.0325700007379055 0.0179999992251396 0.0194099992513657 0.0184699986129999 0.0415000021457672 0.0271650012582541 0.0179999992251396 0.0295150019228458 0.0179999992251396 0.0179999992251396 0.0217599980533123 0.0243450030684471 0.0243450030684471
0.0415000021457672 0.0415000021457672 0.0415000021457672 0.0363299995660782 0.0179999992251396 0.0179999992251396 0.0179999992251396 0.0335099995136261 0.0179999992251396 0.0321000032126904 0.0363299995660782 0.0276350006461143 0.0349199995398521 0.0415000021457672 0.0179999992251396 0.0316300019621849 0.0297499988228083 0.0189399998635054 0.0318649969995022 0.0203499980270863 0.0415000021457672 0.0415000021457672
0.0415000021457672 0.0415000021457672 0.0241100005805492 0.040559995919466 0.0412649996578693 0.0403250008821487 0.0389150008559227 0.0389150008559227 0.0363299995660782 0.0346850007772446 0.0184699986129999 0.0415000021457672 0.0415000021457672 0.0415000021457672 0.029984999448061 0.0384449996054173 0.0415000021457672 0.0196449998766184 0.0283400006592274 0.0179999992251396 0.0179999992251396 0.0179999992251396
0.0269299987703562 0.0269299987703562 0.0179999992251396 0.0382100045681 0.0415000021457672 0.0179999992251396 0.0325700007379055 0.0179999992251396 0.033745002001524 0.0316300019621849 0.031394999474287 0.0382100045681 0.0269299987703562 0.0396200008690357 0.0179999992251396 0.0323349982500076 0.025050001218915 0.0396200008690357 0.0269299987703562 0.0302199982106686 0.0415000021457672 0.0415000021457672
0.0179999992251396 0.0179999992251396 0.0415000021457672 0.0179999992251396 0.0227000005543232 0.0276350006461143 0.0179999992251396 0.0179999992251396 0.0389150008559227 0.0179999992251396 0.0187050011008978 0.0234049987047911 0.0382100045681 0.0179999992251396 0.0194099992513657 0.0217599980533123 0.0285750012844801 0.0179999992251396 0.0403250008821487 0.021289998665452 0.0415000021457672 0.0415000021457672
0.0335099995136261 0.0335099995136261 0.0222300011664629 0.0415000021457672 0.0255200006067753 0.0415000021457672 0.0415000021457672 0.0179999992251396 0.0259899999946356 0.0259899999946356 0.0215250011533499 0.0241100005805492 0.020584998652339 0.0278699994087219 0.0179999992251396 0.0264599993824959 0.0252849999815226 0.0259899999946356 0.0276350006461143 0.0415000021457672 0.0243450030684471 0.0243450030684471
0.0415000021457672 0.0415000021457672 0.0248149987310171 0.0179999992251396 0.0194099992513657 0.029279999434948 0.0184699986129999 0.0372700020670891 0.0391499996185303 0.0179999992251396 0.0370349995791912 0.0224649999290705 0.0194099992513657 0.0179999992251396 0.0179999992251396 0.0368000008165836 0.0179999992251396 0.0179999992251396 0.0179999992251396 0.0179999992251396 0.0179999992251396 0.0179999992251396
0.0179999992251396 0.0179999992251396 0.031394999474287 0.0179999992251396 0.0410300008952618 0.0379750020802021 0.0252849999815226 0.0278699994087219 0.0415000021457672 0.0179999992251396 0.0288100000470877 0.0358599983155727 0.0304549988359213 0.0243450030684471 0.0384449996054173 0.0184699986129999 0.0264599993824959 0.0342150032520294 0.0281050018966198 0.0179999992251396 0.0179999992251396 0.0179999992251396
0.0415000021457672 0.0415000021457672 0.0365650020539761 0.0365650020539761 0.0415000021457672 0.0295150019228458 0.0229349993169308 0.0201150011271238 0.0229349993169308 0.0365650020539761 0.0229349993169308 0.0222300011664629 0.0290450006723404 0.0203499980270863 0.0259899999946356 0.0179999992251396 0.0203499980270863 0.0179999992251396 0.0210549999028444 0.021289998665452 0.0179999992251396 0.0179999992251396
0.0415000021457672 0.0415000021457672 0.0372700020670891 0.0179999992251396 0.033745002001524 0.029984999448061 0.0243450030684471 0.0316300019621849 0.0415000021457672 0.0179999992251396 0.0269299987703562 0.0179999992251396 0.0316300019621849 0.0415000021457672 0.0415000021457672 0.0179999992251396 0.0415000021457672 0.033745002001524 0.03515500202775 0.0179999992251396 0.0227000005543232 0.0227000005543232
0.0285750012844801 0.0285750012844801 0.0415000021457672 0.0245800018310547 0.0415000021457672 0.0179999992251396 0.0412649996578693 0.0255200006067753 0.0415000021457672 0.0415000021457672 0.0219950005412102 0.0224649999290705 0.0179999992251396 0.0386800020933151 0.0203499980270863 0.0182349998503923 0.0179999992251396 0.0194099992513657 0.0269299987703562 0.0358599983155727 0.0358599983155727 0.0358599983155727
0.0365650020539761 0.0365650020539761 0.0415000021457672 0.0245800018310547 0.0415000021457672 0.029279999434948 0.0353900007903576 0.0382100045681 0.0407950021326542 0.0179999992251396 0.0236399993300438 0.0318649969995022 0.0339800007641315 0.0179999992251396 0.0306900031864643 0.0182349998503923 0.0179999992251396 0.0344499982893467 0.0201150011271238 0.0415000021457672 0.0179999992251396 0.0179999992251396
0.0290450006723404 0.0290450006723404 0.0415000021457672 0.0309250000864267 0.0415000021457672 0.021289998665452 0.0179999992251396 0.0217599980533123 0.0201150011271238 0.0349199995398521 0.0400899983942509 0.0217599980533123 0.0370349995791912 0.0179999992251396 0.0316300019621849 0.0245800018310547 0.0245800018310547 0.0396200008690357 0.0285750012844801 0.0179999992251396 0.0243450030684471 0.0243450030684471
0.0400899983942509 0.0400899983942509 0.0372700020670891 0.0229349993169308 0.0179999992251396 0.0316300019621849 0.0410300008952618 0.0201150011271238 0.0391499996185303 0.0229349993169308 0.0179999992251396 0.0323349982500076 0.0179999992251396 0.0179999992251396 0.0179999992251396 0.0227000005543232 0.0278699994087219 0.0229349993169308 0.0365650020539761 0.0222300011664629 0.0281050018966198 0.0281050018966198
0.0342150032520294 0.0342150032520294 0.0238749980926514 0.0179999992251396 0.0196449998766184 0.0342150032520294 0.0410300008952618 0.0222300011664629 0.0243450030684471 0.0179999992251396 0.0363299995660782 0.0179999992251396 0.0229349993169308 0.0179999992251396 0.0179999992251396 0.0179999992251396 0.0179999992251396 0.0179999992251396 0.0415000021457672 0.0252849999815226 0.0243450030684471 0.0243450030684471
0.0179999992251396 0.0179999992251396 0.0415000021457672 0.020584998652339 0.0358599983155727 0.0179999992251396 0.0184699986129999 0.0290450006723404 0.0372700020670891 0.0311600025743246 0.0224649999290705 0.0264599993824959 0.0415000021457672 0.0349199995398521 0.0222300011664629 0.0219950005412102 0.031394999474287 0.0222300011664629 0.0179999992251396 0.0179999992251396 0.0234049987047911 0.0234049987047911
0.0238749980926514 0.0238749980926514 0.0386800020933151 0.0259899999946356 0.0323349982500076 0.0332749970257282 0.0415000021457672 0.0415000021457672 0.0415000021457672 0.0415000021457672 0.0179999992251396 0.0363299995660782 0.0179999992251396 0.0208199992775917 0.0179999992251396 0.0330399982631207 0.0259899999946356 0.0187050011008978 0.0210549999028444 0.0222300011664629 0.0393850021064281 0.0393850021064281
0.0203499980270863 0.0203499980270863 0.0382100045681 0.0382100045681 0.0396200008690357 0.0318649969995022 0.0415000021457672 0.0415000021457672 0.0415000021457672 0.0415000021457672 0.0363299995660782 0.020584998652339 0.0391499996185303 0.0238749980926514 0.0179999992251396 0.0179999992251396 0.0179999992251396 0.0182349998503923 0.0306900031864643 0.0179999992251396 0.0349199995398521 0.0349199995398521
