Input/input_p2/plot2_phi1.asc
ncols         22
nrows         62
xllcorner     0.00000000
yllcorner     0.00000000
cellsize      0.5
nodata_value  -9999
[rows 0 to 39 of 62, columns 0 to 21 of 22]
0.238180011510849 0.238180011510849 0.218229994177818 0.211959987878799 0.199419990181923 0.21594999730587 0.237039983272552 0.214239999651909 0.196000009775162 0.210820004343987 0.210820004343987 0.239889979362488 0.243309989571571 0.252999991178513 0.196000009775162 0.196570008993149 0.233050003647804 0.252999991178513 0.196000009775162 0.207970008254051 0.252999991178513 0.252999991178513
0.238180011510849 0.238180011510849 0.218229994177818 0.211959987878799 0.199419990181923 0.21594999730587 0.237039983272552 0.214239999651909 0.196000009775162 0.210820004343987 0.210820004343987 0.239889979362488 0.243309989571571 0.252999991178513 0.196000009775162 0.196570008993149 0.233050003647804 0.252999991178513 0.196000009775162 0.207970008254051 0.252999991178513 0.252999991178513
0.196000009775162 0.196000009775162 0.245019987225533 0.196000009775162 0.252999991178513 0.246729984879494 0.196000009775162 0.196000009775162 0.202840000391006 0.210250020027161 0.243309989571571 0.208540007472038 0.230200007557869 0.196000009775162 0.252999991178513 0.252999991178513 0.223359987139702 0.252999991178513 0.248439997434616 0.252999991178513 0.24957999587059 0.24957999587059
0.211959987878799 0.211959987878799 0.246159985661507 0.22791999578476 0.197140008211136 0.225639998912811 0.212529987096786 0.212529987096786 0.252999991178513 0.236469998955727 0.243879988789558 0.209109991788864 0.252999991178513 0.236469998955727 0.23589999973774 0.252429991960526 0.217089995741844 0.252999991178513 0.236469998955727 0.252999991178513 0.252999991178513 0.252999991178513
0.198850005865097 0.198850005865097 0.245019987225533 0.199990004301071 0.200560018420219 0.24787001311779 0.242169991135597 0.252999991178513 0.243309989571571 0.24957999587059 0.244450002908707 0.252999991178513 0.238180011510849 0.196000009775162 0.252999991178513 0.207970008254051 0.252999991178513 0.248439997434616 0.196000009775162 0.252999991178513 0.252999991178513 0.252999991178513
0.239319995045662 0.239319995045662 0.202840000391006 0.196000009775162 0.252999991178513 0.196000009775162 0.252429991960526 0.242169991135597 0.219370007514954 0.214239999651909 0.199990004301071 0.252999991178513 0.22791999578476 0.237039983272552 0.252999991178513 0.214239999651909 0.225639998912811 0.248439997434616 0.231339991092682 0.252999991178513 0.252999991178513 0.252999991178513
0.211959987878799 0.211959987878799 0.196000009775162 0.247299998998642 0.196000009775162 0.243879988789558 0.252999991178513 0.196000009775162 0.245019987225533 0.220509991049767 0.252999991178513 0.252999991178513 0.252999991178513 0.252999991178513 0.252999991178513 0.252999991178513 0.252999991178513 0.208540007472038 0.231339991092682 0.252999991178513 0.252999991178513 0.252999991178513
0.216520011425018 0.216520011425018 0.199419990181923 0.239319995045662 0.216520011425018 0.23361998796463 0.196570008993149 0.216520011425018 0.202840000391006 0.252999991178513 0.232479989528656 0.219939991831779 0.232479989528656 0.252999991178513 0.252999991178513 0.197140008211136 0.232479989528656 0.234190002083778 0.252999991178513 0.252999991178513 0.252999991178513 0.252999991178513
0.202840000391006 0.202840000391006 0.202840000391006 0.196000009775162 0.252999991178513 0.229059979319572 0.197140008211136 0.224500000476837 0.246729984879494 0.252999991178513 0.208540007472038 0.252999991178513 0.219370007514954 0.209109991788864 0.199990004301071 0.196000009775162 0.249009996652603 0.196000009775162 0.234190002083778 0.252999991178513 0.239319995045662 0.239319995045662
0.243309989571571 0.243309989571571 0.228489995002747 0.196000009775162 0.250149995088577 0.212529987096786 0.251860022544861 0.238180011510849 0.222789987921715 0.252999991178513 0.245019987225533 0.252999991178513 0.252999991178513 0.252999991178513 0.229059979319572 0.252429991960526 0.212529987096786 0.252999991178513 0.230769991874695 0.230769991874695 0.246729984879494 0.246729984879494
0.251289993524551 0.251289993524551 0.206259995698929 0.24787001311779 0.200560018420219 0.24787001311779 0.201130002737045 0.198850005865097 0.196000009775162 0.196000009775162 0.252999991178513 0.252999991178513 0.196000009775162 0.196000009775162 0.196000009775162 0.202270016074181 0.223359987139702 0.252999991178513 0.196000009775162 0.196000009775162 0.237609997391701 0.237609997391701
0.235329985618591 0.235329985618591 0.252999991178513 0.243879988789558 0.196000009775162 0.196000009775162 0.196570008993149 0.206259995698929 0.250149995088577 0.252999991178513 0.219939991831779 0.252999991178513 0.236469998955727 0.252999991178513 0.252999991178513 0.219939991831779 0.196000009775162 0.218229994177818 0.225639998912811 0.196000009775162 0.237609997391701 0.237609997391701
0.196000009775162 0.196000009775162 0.198850005865097 0.252999991178513 0.196000009775162 0.252999991178513 0.200560018420219 0.252999991178513 0.246159985661507 0.199419990181923 0.211390003561974 0.252999991178513 0.252999991178513 0.252429991960526 0.226780012249947 0.200560018420219 0.223930016160011 0.252999991178513 0.196000009775162 0.24957999587059 0.237609997391701 0.237609997391701
0.230769991874695 0.230769991874695 0.226780012249947 0.236469998955727 0.222220003604889 0.226780012249947 0.252999991178513 0.238180011510849 0.199419990181923 0.252999991178513 0.208540007472038 0.219939991831779 0.223930016160011 0.196000009775162 0.206830009818077 0.222220003604889 0.252999991178513 0.224500000476837 0.236469998955727 0.24787001311779 0.244450002908707 0.244450002908707
0.252999991178513 0.252999991178513 0.196000009775162 0.252999991178513 0.197140008211136 0.196000009775162 0.252999991178513 0.252999991178513 0.251860022544861 0.214239999651909 0.251860022544861 0.196000009775162 0.23361998796463 0.196000009775162 0.252429991960526 0.252999991178513 0.252999991178513 0.251860022544861 0.251860022544861 0.252999991178513 0.252999991178513 0.252999991178513
0.203980013728142 0.203980013728142 0.223930016160011 0.252999991178513 0.250719994306564 0.223359987139702 0.252999991178513 0.252999991178513 0.252999991178513 0.196000009775162 0.208540007472038 0.230769991874695 0.243879988789558 0.223930016160011 0.252999991178513 0.225069999694824 0.237609997391701 0.198279991745949 0.234760001301765 0.24787001311779 0.196000009775162 0.196000009775162
0.196000009775162 0.196000009775162 0.206259995698929 0.231339991092682 0.252999991178513 0.223359987139702 0.252999991178513 0.252429991960526 0.245590001344681 0.252999991178513 0.252999991178513 0.239889979362488 0.252999991178513 0.196570008993149 0.252999991178513 0.196000009775162 0.222789987921715 0.196570008993149 0.231339991092682 0.252429991960526 0.252999991178513 0.252999991178513
0.203409999608994 0.203409999608994 0.252999991178513 0.207399994134903 0.223359987139702 0.225639998912811 0.251860022544861 0.24159999191761 0.246159985661507 0.244450002908707 0.246159985661507 0.202270016074181 0.252999991178513 0.252999991178513 0.252999991178513 0.252429991960526 0.225639998912811 0.250719994306564 0.252999991178513 0.252999991178513 0.252999991178513 0.252999991178513
0.213670000433922 0.213670000433922 0.198279991745949 0.230200007557869 0.252999991178513 0.225639998912811 0.252999991178513 0.197140008211136 0.246159985661507 0.235329985618591 0.251289993524551 0.252999991178513 0.198279991745949 0.246159985661507 0.229059979319572 0.252999991178513 0.226780012249947 0.196000009775162 0.251289993524551 0.205689996480942 0.237609997391701 0.237609997391701
0.196000009775162 0.196000009775162 0.242739975452423 0.196000009775162 0.221080005168915 0.22791999578476 0.252999991178513 0.252999991178513 0.252999991178513 0.252999991178513 0.220509991049767 0.252999991178513 0.252999991178513 0.252999991178513 0.238749980926514 0.22791999578476 0.252999991178513 0.219370007514954 0.252999991178513 0.226780012249947 0.230200007557869 0.230200007557869
0.196000009775162 0.196000009775162 0.196000009775162 0.196000009775162 0.249009996652603 0.252999991178513 0.252999991178513 0.252999991178513 0.252999991178513 0.217659994959831 0.252999991178513 0.24957999587059 0.251860022544861 0.196000009775162 0.230769991874695 0.252999991178513 0.225069999694824 0.252999991178513 0.252999991178513 0.243879988789558 0.237609997391701 0.237609997391701
0.196000009775162 0.196000009775162 0.196000009775162 0.208540007472038 0.252999991178513 0.252999991178513 0.252999991178513 0.215380012989044 0.252999991178513 0.218800008296967 0.208540007472038 0.229629993438721 0.211959987878799 0.196000009775162 0.252999991178513 0.219939991831779 0.224500000476837 0.250719994306564 0.219370007514954 0.247299998998642 0.196000009775162 0.196000009775162
0.196000009775162 0.196000009775162 0.238180011510849 0.198279991745949 0.196570008993149 0.198850005865097 0.202270016074181 0.202270016074181 0.208540007472038 0.212529987096786 0.251860022544861 0.196000009775162 0.196000009775162 0.196000009775162 0.223930016160011 0.203409999608994 0.196000009775162 0.249009996652603 0.22791999578476 0.252999991178513 0.252999991178513 0.252999991178513
0.231339991092682 0.231339991092682 0.252999991178513 0.203980013728142 0.196000009775162 0.252999991178513 0.217659994959831 0.252999991178513 0.214810013771057 0.219939991831779 0.220509991049767 0.203980013728142 0.231339991092682 0.200560018420219 0.252999991178513 0.218229994177818 0.23589999973774 0.200560018420219 0.231339991092682 0.223359987139702 0.196000009775162 0.196000009775162
0.252999991178513 0.252999991178513 0.196000009775162 0.252999991178513 0.24159999191761 0.229629993438721 0.252999991178513 0.252999991178513 0.202270016074181 0.252999991178513 0.251289993524551 0.239889979362488 0.203980013728142 0.252999991178513 0.24957999587059 0.243879988789558 0.227350011467934 0.252999991178513 0.198850005865097 0.245019987225533 0.196000009775162 0.196000009775162
0.215380012989044 0.215380012989044 0.242739975452423 0.196000009775162 0.234760001301765 0.196000009775162 0.196000009775162 0.252999991178513 0.23361998796463 0.23361998796463 0.244450002908707 0.238180011510849 0.246729984879494 0.229059979319572 0.252999991178513 0.232479989528656 0.235329985618591 0.23361998796463 0.229629993438721 0.196000009775162 0.237609997391701 0.237609997391701
0.196000009775162 0.196000009775162 0.236469998955727 0.252999991178513 0.24957999587059 0.225639998912811 0.251860022544861 0.206259995698929 0.201700001955032 0.252999991178513 0.206830009818077 0.242169991135597 0.24957999587059 0.252999991178513 0.252999991178513 0.207399994134903 0.252999991178513 0.252999991178513 0.252999991178513 0.252999991178513 0.252999991178513 0.252999991178513
0.252999991178513 0.252999991178513 0.220509991049767 0.252999991178513 0.197140008211136 0.204549998044968 0.235329985618591 0.229059979319572 0.196000009775162 0.252999991178513 0.226780012249947 0.209679991006851 0.222789987921715 0.237609997391701 0.203409999608994 0.251860022544861 0.232479989528656 0.213670000433922 0.228489995002747 0.252999991178513 0.252999991178513 0.252999991178513
0.196000009775162 0.196000009775162 0.207970008254051 0.207970008254051 0.196000009775162 0.225069999694824 0.241030007600784 0.24787001311779 0.241030007600784 0.207970008254051 0.241030007600784 0.242739975452423 0.226209983229637 0.247299998998642 0.23361998796463 0.252999991178513 0.247299998998642 0.252999991178513 0.245590001344681 0.245019987225533 0.252999991178513 0.252999991178513
0.196000009775162 0.196000009775162 0.206259995698929 0.252999991178513 0.214810013771057 0.223930016160011 0.237609997391701 0.219939991831779 0.196000009775162 0.252999991178513 0.231339991092682 0.252999991178513 0.219939991831779 0.196000009775162 0.196000009775162 0.252999991178513 0.196000009775162 0.214810013771057 0.211390003561974 0.252999991178513 0.24159999191761 0.24159999191761
0.227350011467934 0.227350011467934 0.196000009775162 0.237039983272552 0.196000009775162 0.252999991178513 0.196570008993149 0.234760001301765 0.196000009775162 0.196000009775162 0.243309989571571 0.242169991135597 0.252999991178513 0.202840000391006 0.247299998998642 0.252429991960526 0.252999991178513 0.24957999587059 0.231339991092682 0.209679991006851 0.209679991006851 0.209679991006851
0.207970008254051 0.207970008254051 0.196000009775162 0.237039983272552 0.196000009775162 0.225639998912811 0.210820004343987 0.203980013728142 0.197710022330284 0.252999991178513 0.239319995045662 0.219370007514954 0.214239999651909 0.252999991178513 0.222220003604889 0.252429991960526 0.252999991178513 0.213100016117096 0.24787001311779 0.196000009775162 0.252999991178513 0.252999991178513
0.226209983229637 0.226209983229637 0.196000009775162 0.221650004386902 0.196000009775162 0.245019987225533 0.252999991178513 0.243879988789558 0.24787001311779 0.211959987878799 0.199419990181923 0.243879988789558 0.206830009818077 0.252999991178513 0.219939991831779 0.237039983272552 0.237039983272552 0.200560018420219 0.227350011467934 0.252999991178513 0.237609997391701 0.237609997391701
0.199419990181923 0.199419990181923 0.206259995698929 0.241030007600784 0.252999991178513 0.219939991831779 0.197140008211136 0.24787001311779 0.201700001955032 0.241030007600784 0.252999991178513 0.218229994177818 0.252999991178513 0.252999991178513 0.252999991178513 0.24159999191761 0.229059979319572 0.241030007600784 0.207970008254051 0.242739975452423 0.228489995002747 0.228489995002747
0.213670000433922 0.213670000433922 0.238749980926514 0.252999991178513 0.249009996652603 0.213670000433922 0.197140008211136 0.242739975452423 0.237609997391701 0.252999991178513 0.208540007472038 0.252999991178513 0.241030007600784 0.252999991178513 0.252999991178513 0.252999991178513 0.252999991178513 0.252999991178513 0.196000009775162 0.235329985618591 0.237609997391701 0.237609997391701
0.252999991178513 0.252999991178513 0.196000009775162 0.246729984879494 0.209679991006851 0.252999991178513 0.251860022544861 0.226209983229637 0.206259995698929 0.221080005168915 0.242169991135597 0.232479989528656 0.196000009775162 0.211959987878799 0.242739975452423 0.243309989571571 0.220509991049767 0.242739975452423 0.252999991178513 0.252999991178513 0.239889979362488 0.239889979362488
0.238749980926514 0.238749980926514 0.202840000391006 0.23361998796463 0.218229994177818 0.21594999730587 0.196000009775162 0.196000009775162 0.196000009775162 0.196000009775162 0.252999991178513 0.208540007472038 0.252999991178513 0.246159985661507 0.252999991178513 0.216520011425018 0.23361998796463 0.251289993524551 0.245590001344681 0.242739975452423 0.201130002737045 0.201130002737045
0.247299998998642 0.247299998998642 0.203980013728142 0.203980013728142 0.200560018420219 0.219370007514954 0.196000009775162 0.196000009775162 0.196000009775162 0.196000009775162 0.208540007472038 0.246729984879494 0.201700001955032 0.238749980926514 0.252999991178513 0.252999991178513 0.252999991178513 0.252429991960526 0.222220003604889 0.252999991178513 0.211959987878799 0.211959987878799
0.252999991178513 0.252999991178513 0.252999991178513 0.196000009775162 0.229059979319572 0.23589999973774 0.251860022544861 0.196000009775162 0.196000009775162 0.196000009775162 0.196000009775162 0.245019987225533 0.252999991178513 0.252999991178513 0.225639998912811 0.230769991874695 0.217659994959831 0.252999991178513 0.239889979362488 0.242739975452423 0.221650004386902 0.221650004386902
0.21594999730587 0.21594999730587 0.252999991178513 0.246729984879494 0.196000009775162 0.225639998912811 0.196000009775162 0.246729984879494 0.196000009775162 0.196000009775162 0.197140008211136 0.197140008211136 0.202270016074181 0.252999991178513 0.219939991831779 0.196000009775162 0.252999991178513 0.252999991178513 0.230200007557869 0.202270016074181 0.196000009775162 0.196000009775162
