Input/input_p2/plot2_phi2.asc
ncols         22
nrows         62
xllcorner     0.00000000
yllcorner     0.00000000
cellsize      0.5
nodata_value  -9999
[rows 0 to 39 of 62, columns 0 to 21 of 22]
0.427300006151199 0.427300006151199 0.499049991369247 0.521600008010864 0.566700041294098 0.507250010967255 0.431400001049042 0.513400018215179 0.578999996185303 0.525699973106384 0.525699973106384 0.421150028705597 0.408850014209747 0.374000012874603 0.578999996185303 0.576950013637543 0.445749968290329 0.374000012874603 0.578999996185303 0.535950005054474 0.374000012874603 0.374000012874603
0.427300006151199 0.427300006151199 0.499049991369247 0.521600008010864 0.566700041294098 0.507250010967255 0.431400001049042 0.513400018215179 0.578999996185303 0.525699973106384 0.525699973106384 0.421150028705597 0.408850014209747 0.374000012874603 0.578999996185303 0.576950013637543 0.445749968290329 0.374000012874603 0.578999996185303 0.535950005054474 0.374000012874603 0.374000012874603
0.578999996185303 0.578999996185303 0.402700006961823 0.578999996185303 0.374000012874603 0.396549999713898 0.578999996185303 0.578999996185303 0.554399967193604 0.527750015258789 0.408850014209747 0.533900022506714 0.456000059843063 0.578999996185303 0.374000012874603 0.374000012874603 0.480599969625473 0.374000012874603 0.390400022268295 0.374000012874603 0.38629999756813 0.38629999756813
0.521600008010864 0.521600008010864 0.39860001206398 0.464199990034103 0.574900031089783 0.472399979829788 0.519550025463104 0.519550025463104 0.374000012874603 0.433450013399124 0.406800001859665 0.531850039958954 0.374000012874603 0.433450013399124 0.435500025749207 0.376049995422363 0.503150045871735 0.374000012874603 0.433450013399124 0.374000012874603 0.374000012874603 0.374000012874603
0.568750023841858 0.568750023841858 0.402700006961823 0.564649999141693 0.562600016593933 0.392450034618378 0.41295000910759 0.374000012874603 0.408850014209747 0.38629999756813 0.404750019311905 0.374000012874603 0.427300006151199 0.578999996185303 0.374000012874603 0.535950005054474 0.374000012874603 0.390400022268295 0.578999996185303 0.374000012874603 0.374000012874603 0.374000012874603
0.423200011253357 0.423200011253357 0.554399967193604 0.578999996185303 0.374000012874603 0.578999996185303 0.376049995422363 0.41295000910759 0.494949996471405 0.513400018215179 0.564649999141693 0.374000012874603 0.464199990034103 0.431400001049042 0.374000012874603 0.513400018215179 0.472399979829788 0.390400022268295 0.451900035142899 0.374000012874603 0.374000012874603 0.374000012874603
0.521600008010864 0.521600008010864 0.578999996185303 0.394500017166138 0.578999996185303 0.406800001859665 0.374000012874603 0.578999996185303 0.402700006961823 0.490850031375885 0.374000012874603 0.374000012874603 0.374000012874603 0.374000012874603 0.374000012874603 0.374000012874603 0.374000012874603 0.533900022506714 0.451900035142899 0.374000012874603 0.374000012874603 0.374000012874603
0.505200028419495 0.505200028419495 0.566700041294098 0.423200011253357 0.505200028419495 0.443700015544891 0.576950013637543 0.505200028419495 0.554399967193604 0.374000012874603 0.447800040245056 0.492900013923645 0.447800040245056 0.374000012874603 0.374000012874603 0.574900031089783 0.447800040245056 0.441650003194809 0.374000012874603 0.374000012874603 0.374000012874603 0.374000012874603
0.554399967193604 0.554399967193604 0.554399967193604 0.578999996185303 0.374000012874603 0.460100024938583 0.574900031089783 0.476500004529953 0.396549999713898 0.374000012874603 0.533900022506714 0.374000012874603 0.494949996471405 0.531850039958954 0.564649999141693 0.578999996185303 0.388350039720535 0.578999996185303 0.441650003194809 0.374000012874603 0.423200011253357 0.423200011253357
0.408850014209747 0.408850014209747 0.462150037288666 0.578999996185303 0.384250044822693 0.519550025463104 0.378100007772446 0.427300006151199 0.482649981975555 0.374000012874603 0.402700006961823 0.374000012874603 0.374000012874603 0.374000012874603 0.460100024938583 0.376049995422363 0.519550025463104 0.374000012874603 0.453950017690659 0.453950017690659 0.396549999713898 0.396549999713898
0.380150020122528 0.380150020122528 0.542100012302399 0.392450034618378 0.562600016593933 0.392450034618378 0.560550034046173 0.568750023841858 0.578999996185303 0.578999996185303 0.374000012874603 0.374000012874603 0.578999996185303 0.578999996185303 0.578999996185303 0.556450068950653 0.480599969625473 0.374000012874603 0.578999996185303 0.578999996185303 0.429350048303604 0.429350048303604
0.437550038099289 0.437550038099289 0.374000012874603 0.406800001859665 0.578999996185303 0.578999996185303 0.576950013637543 0.542100012302399 0.384250044822693 0.374000012874603 0.492900013923645 0.374000012874603 0.433450013399124 0.374000012874603 0.374000012874603 0.492900013923645 0.578999996185303 0.499049991369247 0.472399979829788 0.578999996185303 0.429350048303604 0.429350048303604
0.578999996185303 0.578999996185303 0.568750023841858 0.374000012874603 0.578999996185303 0.374000012874603 0.562600016593933 0.374000012874603 0.39860001206398 0.566700041294098 0.523649990558624 0.374000012874603 0.374000012874603 0.376049995422363 0.468300014734268 0.562600016593933 0.478549987077713 0.374000012874603 0.578999996185303 0.38629999756813 0.429350048303604 0.429350048303604
0.453950017690659 0.453950017690659 0.468300014734268 0.433450013399124 0.48470002412796 0.468300014734268 0.374000012874603 0.427300006151199 0.566700041294098 0.374000012874603 0.533900022506714 0.492900013923645 0.478549987077713 0.578999996185303 0.540050029754639 0.48470002412796 0.374000012874603 0.476500004529953 0.433450013399124 0.392450034618378 0.404750019311905 0.404750019311905
0.374000012874603 0.374000012874603 0.578999996185303 0.374000012874603 0.574900031089783 0.578999996185303 0.374000012874603 0.374000012874603 0.378100007772446 0.513400018215179 0.378100007772446 0.578999996185303 0.443700015544891 0.578999996185303 0.376049995422363 0.374000012874603 0.374000012874603 0.378100007772446 0.378100007772446 0.374000012874603 0.374000012874603 0.374000012874603
0.550300002098083 0.550300002098083 0.478549987077713 0.374000012874603 0.382200002670288 0.480599969625473 0.374000012874603 0.374000012874603 0.374000012874603 0.578999996185303 0.533900022506714 0.453950017690659 0.406800001859665 0.478549987077713 0.374000012874603 0.474450021982193 0.429350048303604 0.570800006389618 0.439599990844727 0.392450034618378 0.578999996185303 0.578999996185303
0.578999996185303 0.578999996185303 0.542100012302399 0.451900035142899 0.374000012874603 0.480599969625473 0.374000012874603 0.376049995422363 0.400650024414063 0.374000012874603 0.374000012874603 0.421150028705597 0.374000012874603 0.576950013637543 0.374000012874603 0.578999996185303 0.482649981975555 0.576950013637543 0.451900035142899 0.376049995422363 0.374000012874603 0.374000012874603
0.552349984645844 0.552349984645844 0.374000012874603 0.538000047206879 0.480599969625473 0.472399979829788 0.378100007772446 0.415000051259995 0.39860001206398 0.404750019311905 0.39860001206398 0.556450068950653 0.374000012874603 0.374000012874603 0.374000012874603 0.376049995422363 0.472399979829788 0.382200002670288 0.374000012874603 0.374000012874603 0.374000012874603 0.374000012874603
0.515450000762939 0.515450000762939 0.570800006389618 0.456000059843063 0.374000012874603 0.472399979829788 0.374000012874603 0.574900031089783 0.39860001206398 0.437550038099289 0.380150020122528 0.374000012874603 0.570800006389618 0.39860001206398 0.460100024938583 0.374000012874603 0.468300014734268 0.578999996185303 0.380150020122528 0.544149994850159 0.429350048303604 0.429350048303604
0.578999996185303 0.578999996185303 0.41090002655983 0.578999996185303 0.488800019025803 0.464199990034103 0.374000012874603 0.374000012874603 0.374000012874603 0.374000012874603 0.490850031375885 0.374000012874603 0.374000012874603 0.374000012874603 0.425250023603439 0.464199990034103 0.374000012874603 0.494949996471405 0.374000012874603 0.468300014734268 0.456000059843063 0.456000059843063
0.578999996185303 0.578999996185303 0.578999996185303 0.578999996185303 0.388350039720535 0.374000012874603 0.374000012874603 0.374000012874603 0.374000012874603 0.501100063323975 0.374000012874603 0.38629999756813 0.378100007772446 0.578999996185303 0.453950017690659 0.374000012874603 0.474450021982193 0.374000012874603 0.374000012874603 0.406800001859665 0.429350048303604 0.429350048303604
0.578999996185303 0.578999996185303 0.578999996185303 0.533900022506714 0.374000012874603 0.374000012874603 0.374000012874603 0.509299993515015 0.374000012874603 0.49700003862381 0.533900022506714 0.458050012588501 0.521600008010864 0.578999996185303 0.374000012874603 0.492900013923645 0.476500004529953 0.382200002670288 0.494949996471405 0.394500017166138 0.578999996185303 0.578999996185303
0.578999996185303 0.578999996185303 0.427300006151199 0.570800006389618 0.576950013637543 0.568750023841858 0.556450068950653 0.556450068950653 0.533900022506714 0.519550025463104 0.378100007772446 0.578999996185303 0.578999996185303 0.578999996185303 0.478549987077713 0.552349984645844 0.578999996185303 0.388350039720535 0.464199990034103 0.374000012874603 0.374000012874603 0.374000012874603
0.451900035142899 0.451900035142899 0.374000012874603 0.550300002098083 0.578999996185303 0.374000012874603 0.501100063323975 0.374000012874603 0.511350035667419 0.492900013923645 0.490850031375885 0.550300002098083 0.451900035142899 0.562600016593933 0.374000012874603 0.499049991369247 0.435500025749207 0.562600016593933 0.451900035142899 0.480599969625473 0.578999996185303 0.578999996185303
0.374000012874603 0.374000012874603 0.578999996185303 0.374000012874603 0.415000051259995 0.458050012588501 0.374000012874603 0.374000012874603 0.556450068950653 0.374000012874603 0.380150020122528 0.421150028705597 0.550300002098083 0.374000012874603 0.38629999756813 0.406800001859665 0.466250002384186 0.374000012874603 0.568750023841858 0.402700006961823 0.578999996185303 0.578999996185303
0.509299993515015 0.509299993515015 0.41090002655983 0.578999996185303 0.439599990844727 0.578999996185303 0.578999996185303 0.374000012874603 0.443700015544891 0.443700015544891 0.404750019311905 0.427300006151199 0.396549999713898 0.460100024938583 0.374000012874603 0.447800040245056 0.437550038099289 0.443700015544891 0.458050012588501 0.578999996185303 0.429350048303604 0.429350048303604
0.578999996185303 0.578999996185303 0.433450013399124 0.374000012874603 0.38629999756813 0.472399979829788 0.378100007772446 0.542100012302399 0.558500051498413 0.374000012874603 0.540050029754639 0.41295000910759 0.38629999756813 0.374000012874603 0.374000012874603 0.538000047206879 0.374000012874603 0.374000012874603 0.374000012874603 0.374000012874603 0.374000012874603 0.374000012874603
0.374000012874603 0.374000012874603 0.490850031375885 0.374000012874603 0.574900031089783 0.548250019550323 0.437550038099289 0.460100024938583 0.578999996185303 0.374000012874603 0.468300014734268 0.529800057411194 0.482649981975555 0.429350048303604 0.552349984645844 0.378100007772446 0.447800040245056 0.515450000762939 0.462150037288666 0.374000012874603 0.374000012874603 0.374000012874603
0.578999996185303 0.578999996185303 0.535950005054474 0.535950005054474 0.578999996185303 0.474450021982193 0.417050004005432 0.392450034618378 0.417050004005432 0.535950005054474 0.417050004005432 0.41090002655983 0.470350027084351 0.394500017166138 0.443700015544891 0.374000012874603 0.394500017166138 0.374000012874603 0.400650024414063 0.402700006961823 0.374000012874603 0.374000012874603
0.578999996185303 0.578999996185303 0.542100012302399 0.374000012874603 0.511350035667419 0.478549987077713 0.429350048303604 0.492900013923645 0.578999996185303 0.374000012874603 0.451900035142899 0.374000012874603 0.492900013923645 0.578999996185303 0.578999996185303 0.374000012874603 0.578999996185303 0.511350035667419 0.523649990558624 0.374000012874603 0.415000051259995 0.415000051259995
0.466250002384186 0.466250002384186 0.578999996185303 0.431400001049042 0.578999996185303 0.374000012874603 0.576950013637543 0.439599990844727 0.578999996185303 0.578999996185303 0.408850014209747 0.41295000910759 0.374000012874603 0.554399967193604 0.394500017166138 0.376049995422363 0.374000012874603 0.38629999756813 0.451900035142899 0.529800057411194 0.529800057411194 0.529800057411194
0.535950005054474 0.535950005054474 0.578999996185303 0.431400001049042 0.578999996185303 0.472399979829788 0.525699973106384 0.550300002098083 0.572850048542023 0.374000012874603 0.423200011253357 0.494949996471405 0.513400018215179 0.374000012874603 0.48470002412796 0.376049995422363 0.374000012874603 0.517499983310699 0.392450034618378 0.578999996185303 0.374000012874603 0.374000012874603
0.470350027084351 0.470350027084351 0.578999996185303 0.486750036478043 0.578999996185303 0.402700006961823 0.374000012874603 0.406800001859665 0.392450034618378 0.521600008010864 0.566700041294098 0.406800001859665 0.540050029754639 0.374000012874603 0.492900013923645 0.431400001049042 0.431400001049042 0.562600016593933 0.466250002384186 0.374000012874603 0.429350048303604 0.429350048303604
0.566700041294098 0.566700041294098 0.542100012302399 0.417050004005432 0.374000012874603 0.492900013923645 0.574900031089783 0.392450034618378 0.558500051498413 0.417050004005432 0.374000012874603 0.499049991369247 0.374000012874603 0.374000012874603 0.374000012874603 0.415000051259995 0.460100024938583 0.417050004005432 0.535950005054474 0.41090002655983 0.462150037288666 0.462150037288666
0.515450000762939 0.515450000762939 0.425250023603439 0.374000012874603 0.388350039720535 0.515450000762939 0.574900031089783 0.41090002655983 0.429350048303604 0.374000012874603 0.533900022506714 0.374000012874603 0.417050004005432 0.374000012874603 0.374000012874603 0.374000012874603 0.374000012874603 0.374000012874603 0.578999996185303 0.437550038099289 0.429350048303604 0.429350048303604
0.374000012874603 0.374000012874603 0.578999996185303 0.396549999713898 0.529800057411194 0.374000012874603 0.378100007772446 0.470350027084351 0.542100012302399 0.488800019025803 0.41295000910759 0.447800040245056 0.578999996185303 0.521600008010864 0.41090002655983 0.408850014209747 0.490850031375885 0.41090002655983 0.374000012874603 0.374000012874603 0.421150028705597 0.421150028705597
0.425250023603439 0.425250023603439 0.554399967193604 0.443700015544891 0.499049991369247 0.507250010967255 0.578999996185303 0.578999996185303 0.578999996185303 0.578999996185303 0.374000012874603 0.533900022506714 0.374000012874603 0.39860001206398 0.374000012874603 0.505200028419495 0.443700015544891 0.380150020122528 0.400650024414063 0.41090002655983 0.560550034046173 0.560550034046173
0.394500017166138 0.394500017166138 0.550300002098083 0.550300002098083 0.562600016593933 0.494949996471405 0.578999996185303 0.578999996185303 0.578999996185303 0.578999996185303 0.533900022506714 0.396549999713898 0.558500051498413 0.425250023603439 0.374000012874603 0.374000012874603 0.374000012874603 0.376049995422363 0.48470002412796 0.374000012874603 0.521600008010864 0.521600008010864
0.374000012874603 0.374000012874603 0.374000012874603 0.578999996185303 0.460100024938583 0.435500025749207 0.378100007772446 0.578999996185303 0.578999996185303 0.578999996185303 0.578999996185303 0.402700006961823 0.374000012874603 0.374000012874603 0.472399979829788 0.453950017690659 0.501100063323975 0.374000012874603 0.421150028705597 0.41090002655983 0.486750036478043 0.486750036478043
0.507250010967255 0.507250010967255 0.374000012874603 0.396549999713898 0.578999996185303 0.472399979829788 0.578999996185303 0.396549999713898 0.578999996185303 0.578999996185303 0.574900031089783 0.574900031089783 0.556450068950653 0.374000012874603 0.492900013923645 0.578999996185303 0.374000012874603 0.374000012874603 0.456000059843063 0.556450068950653 0.578999996185303 0.578999996185303
