Input/input_p2/plot2_phi5.asc
ncols         22
nrows         62
xllcorner     0.00000000
yllcorner     0.00000000
cellsize      0.5
nodata_value  -9999
[rows 0 to 38 of 62, columns 0 to 21 of 22]
0.154849991202354 0.154849991202354 0.110224992036819 0.0962000116705894 0.0681499987840652 0.105124987661839 0.152300000190735 0.101300001144409 0.0605000033974648 0.0936499983072281 0.0936499983072281 0.158675000071526 0.166325002908707 0.187999993562698 0.0605000033974648 0.0617750026285648 0.143374994397163 0.187999993562698 0.0605000033974648 0.0872749984264374 0.187999993562698 0.187999993562698
0.154849991202354 0.154849991202354 0.110224992036819 0.0962000116705894 0.0681499987840652 0.105124987661839 0.152300000190735 0.101300001144409 0.0605000033974648 0.0936499983072281 0.0936499983072281 0.158675000071526 0.166325002908707 0.187999993562698 0.0605000033974648 0.0617750026285648 0.143374994397163 0.187999993562698 0.0605000033974648 0.0872749984264374 0.187999993562698 0.187999993562698
0.0605000033974648 0.0605000033974648 0.170149996876717 0.0605000033974648 0.187999993562698 0.173974990844727 0.0605000033974648 0.0605000033974648 0.0758000016212463 0.0923750028014183 0.166325002908707 0.0885499939322472 0.136999994516373 0.0605000033974648 0.187999993562698 0.187999993562698 0.12169998884201 0.187999993562698 0.177799984812737 0.187999993562698 0.180350005626678 0.180350005626678
0.0962000116705894 0.0962000116705894 0.172699987888336 0.131900012493134 0.0630500018596649 0.126800000667572 0.097474992275238 0.097474992275238 0.187999993562698 0.151024997234344 0.167599976062775 0.0898250043392181 0.187999993562698 0.151024997234344 0.149749994277954 0.186724990606308 0.1076750010252 0.187999993562698 0.151024997234344 0.187999993562698 0.187999993562698 0.187999993562698
0.0668750032782555 0.0668750032782555 0.170149996876717 0.0694250017404556 0.070700004696846 0.176524996757507 0.163775011897087 0.187999993562698 0.166325002908707 0.180350005626678 0.168874993920326 0.187999993562698 0.154849991202354 0.0605000033974648 0.187999993562698 0.0872749984264374 0.187999993562698 0.177799984812737 0.0605000033974648 0.187999993562698 0.187999993562698 0.187999993562698
0.157399982213974 0.157399982213974 0.0758000016212463 0.0605000033974648 0.187999993562698 0.0605000033974648 0.186724990606308 0.163775011897087 0.1127749979496 0.101300001144409 0.0694250017404556 0.187999993562698 0.131900012493134 0.152300000190735 0.187999993562698 0.101300001144409 0.126800000667572 0.177799984812737 0.139549985527992 0.187999993562698 0.187999993562698 0.187999993562698
0.0962000116705894 0.0962000116705894 0.0605000033974648 0.175249978899956 0.0605000033974648 0.167599976062775 0.187999993562698 0.0605000033974648 0.170149996876717 0.1153249964118 0.187999993562698 0.187999993562698 0.187999993562698 0.187999993562698 0.187999993562698 0.187999993562698 0.187999993562698 0.0885499939322472 0.139549985527992 0.187999993562698 0.187999993562698 0.187999993562698
0.10640000551939 0.10640000551939 0.0681499987840652 0.157399982213974 0.10640000551939 0.144649997353554 0.0617750026285648 0.10640000551939 0.0758000016212463 0.187999993562698 0.142100006341934 0.114050000905991 0.142100006341934 0.187999993562698 0.187999993562698 0.0630500018596649 0.142100006341934 0.145925000309944 0.187999993562698 0.187999993562698 0.187999993562698 0.187999993562698
0.0758000016212463 0.0758000016212463 0.0758000016212463 0.0605000033974648 0.187999993562698 0.134450003504753 0.0630500018596649 0.124249994754791 0.173974990844727 0.187999993562698 0.0885499939322472 0.187999993562698 0.1127749979496 0.0898250043392181 0.0694250017404556 0.0605000033974648 0.179074987769127 0.0605000033974648 0.145925000309944 0.187999993562698 0.157399982213974 0.157399982213974
0.166325002908707 0.166325002908707 0.133174985647202 0.0605000033974648 0.181624978780746 0.097474992275238 0.185450002551079 0.154849991202354 0.120424993336201 0.187999993562698 0.170149996876717 0.187999993562698 0.187999993562698 0.187999993562698 0.134450003504753 0.186724990606308 0.097474992275238 0.187999993562698 0.138274997472763 0.138274997472763 0.173974990844727 0.173974990844727
0.184174999594688 0.184174999594688 0.0834500044584274 0.176524996757507 0.070700004696846 0.176524996757507 0.0719750002026558 0.0668750032782555 0.0605000033974648 0.0605000033974648 0.187999993562698 0.187999993562698 0.0605000033974648 0.0605000033974648 0.0605000033974648 0.074524998664856 0.12169998884201 0.187999993562698 0.0605000033974648 0.0605000033974648 0.153575003147125 0.153575003147125
0.148474991321564 0.148474991321564 0.187999993562698 0.167599976062775 0.0605000033974648 0.0605000033974648 0.0617750026285648 0.0834500044584274 0.181624978780746 0.187999993562698 0.114050000905991 0.187999993562698 0.151024997234344 0.187999993562698 0.187999993562698 0.114050000905991 0.0605000033974648 0.110224992036819 0.126800000667572 0.0605000033974648 0.153575003147125 0.153575003147125
0.0605000033974648 0.0605000033974648 0.0668750032782555 0.187999993562698 0.0605000033974648 0.187999993562698 0.070700004696846 0.187999993562698 0.172699987888336 0.0681499987840652 0.0949250012636185 0.187999993562698 0.187999993562698 0.186724990606308 0.129350006580353 0.070700004696846 0.122974999248981 0.187999993562698 0.0605000033974648 0.180350005626678 0.153575003147125 0.153575003147125
0.138274997472763 0.138274997472763 0.129350006580353 0.151024997234344 0.119149997830391 0.129350006580353 0.187999993562698 0.154849991202354 0.0681499987840652 0.187999993562698 0.0885499939322472 0.114050000905991 0.122974999248981 0.0605000033974648 0.0847249999642372 0.119149997830391 0.187999993562698 0.124249994754791 0.151024997234344 0.176524996757507 0.168874993920326 0.168874993920326
0.187999993562698 0.187999993562698 0.0605000033974648 0.187999993562698 0.0630500018596649 0.0605000033974648 0.187999993562698 0.187999993562698 0.185450002551079 0.101300001144409 0.185450002551079 0.0605000033974648 0.144649997353554 0.0605000033974648 0.186724990606308 0.187999993562698 0.187999993562698 0.185450002551079 0.185450002551079 0.187999993562698 0.187999993562698 0.187999993562698
0.0783500000834465 0.0783500000834465 0.122974999248981 0.187999993562698 0.182899996638298 0.12169998884201 0.187999993562698 0.187999993562698 0.187999993562698 0.0605000033974648 0.0885499939322472 0.138274997472763 0.167599976062775 0.122974999248981 0.187999993562698 0.125524997711182 0.153575003147125 0.0656000003218651 0.147199988365173 0.176524996757507 0.0605000033974648 0.0605000033974648
0.0605000033974648 0.0605000033974648 0.0834500044584274 0.139549985527992 0.187999993562698 0.12169998884201 0.187999993562698 0.186724990606308 0.171424984931946 0.187999993562698 0.187999993562698 0.158675000071526 0.187999993562698 0.0617750026285648 0.187999993562698 0.0605000033974648 0.120424993336201 0.0617750026285648 0.139549985527992 0.186724990606308 0.187999993562698 0.187999993562698
0.0770749971270561 0.0770749971270561 0.187999993562698 0.0860000029206276 0.12169998884201 0.126800000667572 0.185450002551079 0.162499994039536 0.172699987888336 0.168874993920326 0.172699987888336 0.074524998664856 0.187999993562698 0.187999993562698 0.187999993562698 0.186724990606308 0.126800000667572 0.182899996638298 0.187999993562698 0.187999993562698 0.187999993562698 0.187999993562698
0.100024998188019 0.100024998188019 0.0656000003218651 0.136999994516373 0.187999993562698 0.126800000667572 0.187999993562698 0.0630500018596649 0.172699987888336 0.148474991321564 0.184174999594688 0.187999993562698 0.0656000003218651 0.172699987888336 0.134450003504753 0.187999993562698 0.129350006580353 0.0605000033974648 0.184174999594688 0.0821749940514565 0.153575003147125 0.153575003147125
0.0605000033974648 0.0605000033974648 0.165049985051155 0.0605000033974648 0.116599999368191 0.131900012493134 0.187999993562698 0.187999993562698 0.187999993562698 0.187999993562698 0.1153249964118 0.187999993562698 0.187999993562698 0.187999993562698 0.156124994158745 0.131900012493134 0.187999993562698 0.1127749979496 0.187999993562698 0.129350006580353 0.136999994516373 0.136999994516373
0.0605000033974648 0.0605000033974648 0.0605000033974648 0.0605000033974648 0.179074987769127 0.187999993562698 0.187999993562698 0.187999993562698 0.187999993562698 0.10894999653101 0.187999993562698 0.180350005626678 0.185450002551079 0.0605000033974648 0.138274997472763 0.187999993562698 0.125524997711182 0.187999993562698 0.187999993562698 0.167599976062775 0.153575003147125 0.153575003147125
0.0605000033974648 0.0605000033974648 0.0605000033974648 0.0885499939322472 0.187999993562698 0.187999993562698 0.187999993562698 0.103849999606609 0.187999993562698 0.11150000244379 0.0885499939322472 0.135724991559982 0.0962000116705894 0.0605000033974648 0.187999993562698 0.114050000905991 0.124249994754791 0.182899996638298 0.1127749979496 0.175249978899956 0.0605000033974648 0.0605000033974648
0.0605000033974648 0.0605000033974648 0.154849991202354 0.0656000003218651 0.0617750026285648 0.0668750032782555 0.074524998664856 0.074524998664856 0.0885499939322472 0.097474992275238 0.185450002551079 0.0605000033974648 0.0605000033974648 0.0605000033974648 0.122974999248981 0.0770749971270561 0.0605000033974648 0.179074987769127 0.131900012493134 0.187999993562698 0.187999993562698 0.187999993562698
0.139549985527992 0.139549985527992 0.187999993562698 0.0783500000834465 0.0605000033974648 0.187999993562698 0.10894999653101 0.187999993562698 0.102574996650219 0.114050000905991 0.1153249964118 0.0783500000834465 0.139549985527992 0.070700004696846 0.187999993562698 0.110224992036819 0.149749994277954 0.070700004696846 0.139549985527992 0.12169998884201 0.0605000033974648 0.0605000033974648
0.187999993562698 0.187999993562698 0.0605000033974648 0.187999993562698 0.162499994039536 0.135724991559982 0.187999993562698 0.187999993562698 0.074524998664856 0.187999993562698 0.184174999594688 0.158675000071526 0.0783500000834465 0.187999993562698 0.180350005626678 0.167599976062775 0.130624994635582 0.187999993562698 0.0668750032782555 0.170149996876717 0.0605000033974648 0.0605000033974648
0.103849999606609 0.103849999606609 0.165049985051155 0.0605000033974648 0.147199988365173 0.0605000033974648 0.0605000033974648 0.187999993562698 0.144649997353554 0.144649997353554 0.168874993920326 0.154849991202354 0.173974990844727 0.134450003504753 0.187999993562698 0.142100006341934 0.148474991321564 0.144649997353554 0.135724991559982 0.0605000033974648 0.153575003147125 0.153575003147125
0.0605000033974648 0.0605000033974648 0.151024997234344 0.187999993562698 0.180350005626678 0.126800000667572 0.185450002551079 0.0834500044584274 0.0732500031590462 0.187999993562698 0.0847249999642372 0.163775011897087 0.180350005626678 0.187999993562698 0.187999993562698 0.0860000029206276 0.187999993562698 0.187999993562698 0.187999993562698 0.187999993562698 0.187999993562698 0.187999993562698
0.187999993562698 0.187999993562698 0.1153249964118 0.187999993562698 0.0630500018596649 0.0796250030398369 0.148474991321564 0.134450003504753 0.0605000033974648 0.187999993562698 0.129350006580353 0.0910999998450279 0.120424993336201 0.153575003147125 0.0770749971270561 0.185450002551079 0.142100006341934 0.100024998188019 0.133174985647202 0.187999993562698 0.187999993562698 0.187999993562698
0.0605000033974648 0.0605000033974648 0.0872749984264374 0.0872749984264374 0.0605000033974648 0.125524997711182 0.161224991083145 0.176524996757507 0.161224991083145 0.0872749984264374 0.161224991083145 0.165049985051155 0.128074988722801 0.175249978899956 0.144649997353554 0.187999993562698 0.175249978899956 0.187999993562698 0.171424984931946 0.170149996876717 0.187999993562698 0.187999993562698
0.0605000033974648 0.0605000033974648 0.0834500044584274 0.187999993562698 0.102574996650219 0.122974999248981 0.153575003147125 0.114050000905991 0.0605000033974648 0.187999993562698 0.139549985527992 0.187999993562698 0.114050000905991 0.0605000033974648 0.0605000033974648 0.187999993562698 0.0605000033974648 0.102574996650219 0.0949250012636185 0.187999993562698 0.162499994039536 0.162499994039536
0.130624994635582 0.130624994635582 0.0605000033974648 0.152300000190735 0.0605000033974648 0.187999993562698 0.0617750026285648 0.147199988365173 0.0605000033974648 0.0605000033974648 0.166325002908707 0.163775011897087 0.187999993562698 0.0758000016212463 0.175249978899956 0.186724990606308 0.187999993562698 0.180350005626678 0.139549985527992 0.0910999998450279 0.0910999998450279 0.0910999998450279
0.0872749984264374 0.0872749984264374 0.0605000033974648 0.152300000190735 0.0605000033974648 0.126800000667572 0.0936499983072281 0.0783500000834465 0.0643250048160553 0.187999993562698 0.157399982213974 0.1127749979496 0.101300001144409 0.187999993562698 0.119149997830391 0.186724990606308 0.187999993562698 0.098750002682209 0.176524996757507 0.0605000033974648 0.187999993562698 0.187999993562698
0.128074988722801 0.128074988722801 0.0605000033974648 0.117874994874001 0.0605000033974648 0.170149996876717 0.187999993562698 0.167599976062775 0.176524996757507 0.0962000116705894 0.0681499987840652 0.167599976062775 0.0847249999642372 0.187999993562698 0.114050000905991 0.152300000190735 0.152300000190735 0.070700004696846 0.130624994635582 0.187999993562698 0.153575003147125 0.153575003147125
0.0681499987840652 0.0681499987840652 0.0834500044584274 0.161224991083145 0.187999993562698 0.114050000905991 0.0630500018596649 0.176524996757507 0.0732500031590462 0.161224991083145 0.187999993562698 0.110224992036819 0.187999993562698 0.187999993562698 0.187999993562698 0.162499994039536 0.134450003504753 0.161224991083145 0.0872749984264374 0.165049985051155 0.133174985647202 0.133174985647202
0.100024998188019 0.100024998188019 0.156124994158745 0.187999993562698 0.179074987769127 0.100024998188019 0.0630500018596649 0.165049985051155 0.153575003147125 0.187999993562698 0.0885499939322472 0.187999993562698 0.161224991083145 0.187999993562698 0.187999993562698 0.187999993562698 0.187999993562698 0.187999993562698 0.0605000033974648 0.148474991321564 0.153575003147125 0.153575003147125
0.187999993562698 0.187999993562698 0.0605000033974648 0.173974990844727 0.0910999998450279 0.187999993562698 0.185450002551079 0.128074988722801 0.0834500044584274 0.116599999368191 0.163775011897087 0.142100006341934 0.0605000033974648 0.0962000116705894 0.165049985051155 0.166325002908707 0.1153249964118 0.165049985051155 0.187999993562698 0.187999993562698 0.158675000071526 0.158675000071526
0.156124994158745 0.156124994158745 0.0758000016212463 0.144649997353554 0.110224992036819 0.105124987661839 0.0605000033974648 0.0605000033974648 0.0605000033974648 0.0605000033974648 0.187999993562698 0.0885499939322472 0.187999993562698 0.172699987888336 0.187999993562698 0.10640000551939 0.144649997353554 0.184174999594688 0.171424984931946 0.165049985051155 0.0719750002026558 0.0719750002026558
0.175249978899956 0.175249978899956 0.0783500000834465 0.0783500000834465 0.070700004696846 0.1127749979496 0.0605000033974648 0.0605000033974648 0.0605000033974648 0.0605000033974648 0.0885499939322472 0.173974990844727 0.0732500031590462 0.156124994158745 0.187999993562698 0.187999993562698 0.187999993562698 0.186724990606308 0.119149997830391 0.187999993562698 0.0962000116705894 0.0962000116705894
0.187999993562698 0.187999993562698 0.187999993562698 0.0605000033974648 0.134450003504753 0.149749994277954 0.185450002551079 0.0605000033974648 0.0605000033974648 0.0605000033974648 0.0605000033974648 0.170149996876717 0.187999993562698 0.187999993562698 0.126800000667572 0.138274997472763 0.10894999653101 0.187999993562698 0.158675000071526 0.165049985051155 0.117874994874001 0.117874994874001
