Input/input_p2/plot2_phi4.asc
ncols         22
nrows         62
xllcorner     0.00000000
yllcorner     0.00000000
cellsize      0.5
nodata_value  -9999
[rows 0 to 37 of 62, columns 0 to 21 of 22]
0.0635699927806854 0.0635699927806854 0.0791449993848801 0.0840400010347366 0.0938299968838692 0.0809249952435493 0.064460001885891 0.0822599977254868 0.0964999943971634 0.0849300026893616 0.0849300026893616 0.0622349977493286 0.0595650002360344 0.0519999973475933 0.0964999943971634 0.0960550010204315 0.0675750002264977 0.0519999973475933 0.0964999943971634 0.0871549993753433 0.0519999973475933 0.0519999973475933
0.0635699927806854 0.0635699927806854 0.0791449993848801 0.0840400010347366 0.0938299968838692 0.0809249952435493 0.064460001885891 0.0822599977254868 0.0964999943971634 0.0849300026893616 0.0849300026893616 0.0622349977493286 0.0595650002360344 0.0519999973475933 0.0964999943971634 0.0960550010204315 0.0675750002264977 0.0519999973475933 0.0964999943971634 0.0871549993753433 0.0519999973475933 0.0519999973475933
0.0964999943971634 0.0964999943971634 0.058229997754097 0.0964999943971634 0.0519999973475933 0.0568949989974499 0.0964999943971634 0.0964999943971634 0.0911599919199944 0.0853749960660934 0.0595650002360344 0.0867099985480309 0.0697999969124794 0.0964999943971634 0.0519999973475933 0.0519999973475933 0.0751399919390678 0.0519999973475933 0.0555599965155125 0.0519999973475933 0.0546699985861778 0.0546699985861778
0.0840400010347366 0.0840400010347366 0.057339996099472 0.0715800002217293 0.095610000193119 0.0733599960803986 0.0835949927568436 0.0835949927568436 0.0519999973475933 0.0649049952626228 0.0591199956834316 0.0862649902701378 0.0519999973475933 0.0649049952626228 0.0653499960899353 0.0524449981749058 0.080035001039505 0.0519999973475933 0.0649049952626228 0.0519999973475933 0.0519999973475933 0.0519999973475933
0.0942749977111816 0.0942749977111816 0.058229997754097 0.0933850035071373 0.0929400026798248 0.0560050010681152 0.060454998165369 0.0519999973475933 0.0595650002360344 0.0546699985861778 0.0586750023066998 0.0519999973475933 0.0635699927806854 0.0964999943971634 0.0519999973475933 0.0871549993753433 0.0519999973475933 0.0555599965155125 0.0964999943971634 0.0519999973475933 0.0519999973475933 0.0519999973475933
0.0626799985766411 0.0626799985766411 0.0911599919199944 0.0964999943971634 0.0519999973475933 0.0964999943971634 0.0524449981749058 0.060454998165369 0.0782549977302551 0.0822599977254868 0.0933850035071373 0.0519999973475933 0.0715800002217293 0.064460001885891 0.0519999973475933 0.0822599977254868 0.0733599960803986 0.0555599965155125 0.0689099952578545 0.0519999973475933 0.0519999973475933 0.0519999973475933
0.0840400010347366 0.0840400010347366 0.0964999943971634 0.0564499981701374 0.0964999943971634 0.0591199956834316 0.0519999973475933 0.0964999943971634 0.058229997754097 0.0773649960756302 0.0519999973475933 0.0519999973475933 0.0519999973475933 0.0519999973475933 0.0519999973475933 0.0519999973475933 0.0519999973475933 0.0867099985480309 0.0689099952578545 0.0519999973475933 0.0519999973475933 0.0519999973475933
0.0804799944162369 0.0804799944162369 0.0938299968838692 0.0626799985766411 0.0804799944162369 0.0671299993991852 0.0960550010204315 0.0804799944162369 0.0911599919199944 0.0519999973475933 0.0680200010538101 0.0778099894523621 0.0680200010538101 0.0519999973475933 0.0519999973475933 0.095610000193119 0.0680200010538101 0.0666849985718727 0.0519999973475933 0.0519999973475933 0.0519999973475933 0.0519999973475933
0.0911599919199944 0.0911599919199944 0.0911599919199944 0.0964999943971634 0.0519999973475933 0.0706899911165237 0.095610000193119 0.0742499977350235 0.0568949989974499 0.0519999973475933 0.0867099985480309 0.0519999973475933 0.0782549977302551 0.0862649902701378 0.0933850035071373 0.0964999943971634 0.0551149994134903 0.0964999943971634 0.0666849985718727 0.0519999973475933 0.0626799985766411 0.0626799985766411
0.0595650002360344 0.0595650002360344 0.0711349993944168 0.0964999943971634 0.0542249977588654 0.0835949927568436 0.0528899952769279 0.0635699927806854 0.0755849927663803 0.0519999973475933 0.058229997754097 0.0519999973475933 0.0519999973475933 0.0519999973475933 0.0706899911165237 0.0524449981749058 0.0835949927568436 0.0519999973475933 0.0693549960851669 0.0693549960851669 0.0568949989974499 0.0568949989974499
0.0533349998295307 0.0533349998295307 0.0884900018572807 0.0560050010681152 0.0929400026798248 0.0560050010681152 0.0924950018525124 0.0942749977111816 0.0964999943971634 0.0964999943971634 0.0519999973475933 0.0519999973475933 0.0964999943971634 0.0964999943971634 0.0964999943971634 0.0916049852967262 0.0751399919390678 0.0519999973475933 0.0964999943971634 0.0964999943971634 0.0640150010585785 0.0640150010585785
0.0657949969172478 0.0657949969172478 0.0519999973475933 0.0591199956834316 0.0964999943971634 0.0964999943971634 0.0960550010204315 0.0884900018572807 0.0542249977588654 0.0519999973475933 0.0778099894523621 0.0519999973475933 0.0649049952626228 0.0519999973475933 0.0519999973475933 0.0778099894523621 0.0964999943971634 0.0791449993848801 0.0733599960803986 0.0964999943971634 0.0640150010585785 0.0640150010585785
0.0964999943971634 0.0964999943971634 0.0942749977111816 0.0519999973475933 0.0964999943971634 0.0519999973475933 0.0929400026798248 0.0519999973475933 0.057339996099472 0.0938299968838692 0.0844849944114685 0.0519999973475933 0.0519999973475933 0.0524449981749058 0.0724700018763542 0.0929400026798248 0.074694998562336 0.0519999973475933 0.0964999943971634 0.0546699985861778 0.0640150010585785 0.0640150010585785
0.0693549960851669 0.0693549960851669 0.0724700018763542 0.0649049952626228 0.0760299935936928 0.0724700018763542 0.0519999973475933 0.0635699927806854 0.0938299968838692 0.0519999973475933 0.0867099985480309 0.0778099894523621 0.074694998562336 0.0964999943971634 0.0880449935793877 0.0760299935936928 0.0519999973475933 0.0742499977350235 0.0649049952626228 0.0560050010681152 0.0586750023066998 0.0586750023066998
0.0519999973475933 0.0519999973475933 0.0964999943971634 0.0519999973475933 0.095610000193119 0.0964999943971634 0.0519999973475933 0.0519999973475933 0.0528899952769279 0.0822599977254868 0.0528899952769279 0.0964999943971634 0.0671299993991852 0.0964999943971634 0.0524449981749058 0.0519999973475933 0.0519999973475933 0.0528899952769279 0.0528899952769279 0.0519999973475933 0.0519999973475933 0.0519999973475933
0.09026999771595 0.09026999771595 0.074694998562336 0.0519999973475933 0.0537799969315529 0.0751399919390678 0.0519999973475933 0.0519999973475933 0.0519999973475933 0.0964999943971634 0.0867099985480309 0.0693549960851669 0.0591199956834316 0.074694998562336 0.0519999973475933 0.073804996907711 0.0640150010585785 0.0947199910879135 0.0662399977445602 0.0560050010681152 0.0964999943971634 0.0964999943971634
0.0964999943971634 0.0964999943971634 0.0884900018572807 0.0689099952578545 0.0519999973475933 0.0751399919390678 0.0519999973475933 0.0524449981749058 0.0577849969267845 0.0519999973475933 0.0519999973475933 0.0622349977493286 0.0519999973475933 0.0960550010204315 0.0519999973475933 0.0964999943971634 0.0755849927663803 0.0960550010204315 0.0689099952578545 0.0524449981749058 0.0519999973475933 0.0519999973475933
0.0907149985432625 0.0907149985432625 0.0519999973475933 0.0876000002026558 0.0751399919390678 0.0733599960803986 0.0528899952769279 0.0608999952673912 0.057339996099472 0.0586750023066998 0.057339996099472 0.0916049852967262 0.0519999973475933 0.0519999973475933 0.0519999973475933 0.0524449981749058 0.0733599960803986 0.0537799969315529 0.0519999973475933 0.0519999973475933 0.0519999973475933 0.0519999973475933
0.0827049985527992 0.0827049985527992 0.0947199910879135 0.0697999969124794 0.0519999973475933 0.0733599960803986 0.0519999973475933 0.095610000193119 0.057339996099472 0.0657949969172478 0.0533349998295307 0.0519999973475933 0.0947199910879135 0.057339996099472 0.0706899911165237 0.0519999973475933 0.0724700018763542 0.0964999943971634 0.0533349998295307 0.0889349952340126 0.0640150010585785 0.0640150010585785
0.0964999943971634 0.0964999943971634 0.0600100010633469 0.0964999943971634 0.0769199952483177 0.0715800002217293 0.0519999973475933 0.0519999973475933 0.0519999973475933 0.0519999973475933 0.0773649960756302 0.0519999973475933 0.0519999973475933 0.0519999973475933 0.0631249994039536 0.0715800002217293 0.0519999973475933 0.0782549977302551 0.0519999973475933 0.0724700018763542 0.0697999969124794 0.0697999969124794
0.0964999943971634 0.0964999943971634 0.0964999943971634 0.0964999943971634 0.0551149994134903 0.0519999973475933 0.0519999973475933 0.0519999973475933 0.0519999973475933 0.0795899927616119 0.0519999973475933 0.0546699985861778 0.0528899952769279 0.0964999943971634 0.0693549960851669 0.0519999973475933 0.073804996907711 0.0519999973475933 0.0519999973475933 0.0591199956834316 0.0640150010585785 0.0640150010585785
0.0964999943971634 0.0964999943971634 0.0964999943971634 0.0867099985480309 0.0519999973475933 0.0519999973475933 0.0519999973475933 0.0813700035214424 0.0519999973475933 0.0786999985575676 0.0867099985480309 0.0702449977397919 0.0840400010347366 0.0964999943971634 0.0519999973475933 0.0778099894523621 0.0742499977350235 0.0537799969315529 0.0782549977302551 0.0564499981701374 0.0964999943971634 0.0964999943971634
0.0964999943971634 0.0964999943971634 0.0635699927806854 0.0947199910879135 0.0960550010204315 0.0942749977111816 0.0916049852967262 0.0916049852967262 0.0867099985480309 0.0835949927568436 0.0528899952769279 0.0964999943971634 0.0964999943971634 0.0964999943971634 0.074694998562336 0.0907149985432625 0.0964999943971634 0.0551149994134903 0.0715800002217293 0.0519999973475933 0.0519999973475933 0.0519999973475933
0.0689099952578545 0.0689099952578545 0.0519999973475933 0.09026999771595 0.0964999943971634 0.0519999973475933 0.0795899927616119 0.0519999973475933 0.0818149968981743 0.0778099894523621 0.0773649960756302 0.09026999771595 0.0689099952578545 0.0929400026798248 0.0519999973475933 0.0791449993848801 0.0653499960899353 0.0929400026798248 0.0689099952578545 0.0751399919390678 0.0964999943971634 0.0964999943971634
0.0519999973475933 0.0519999973475933 0.0964999943971634 0.0519999973475933 0.0608999952673912 0.0702449977397919 0.0519999973475933 0.0519999973475933 0.0916049852967262 0.0519999973475933 0.0533349998295307 0.0622349977493286 0.09026999771595 0.0519999973475933 0.0546699985861778 0.0591199956834316 0.0720249935984612 0.0519999973475933 0.0942749977111816 0.058229997754097 0.0964999943971634 0.0964999943971634
0.0813700035214424 0.0813700035214424 0.0600100010633469 0.0964999943971634 0.0662399977445602 0.0964999943971634 0.0964999943971634 0.0519999973475933 0.0671299993991852 0.0671299993991852 0.0586750023066998 0.0635699927806854 0.0568949989974499 0.0706899911165237 0.0519999973475933 0.0680200010538101 0.0657949969172478 0.0671299993991852 0.0702449977397919 0.0964999943971634 0.0640150010585785 0.0640150010585785
0.0964999943971634 0.0964999943971634 0.0649049952626228 0.0519999973475933 0.0546699985861778 0.0733599960803986 0.0528899952769279 0.0884900018572807 0.0920500010251999 0.0519999973475933 0.0880449935793877 0.060454998165369 0.0546699985861778 0.0519999973475933 0.0519999973475933 0.0876000002026558 0.0519999973475933 0.0519999973475933 0.0519999973475933 0.0519999973475933 0.0519999973475933 0.0519999973475933
0.0519999973475933 0.0519999973475933 0.0773649960756302 0.0519999973475933 0.095610000193119 0.0898250043392181 0.0657949969172478 0.0706899911165237 0.0964999943971634 0.0519999973475933 0.0724700018763542 0.0858199968934059 0.0755849927663803 0.0640150010585785 0.0907149985432625 0.0528899952769279 0.0680200010538101 0.0827049985527992 0.0711349993944168 0.0519999973475933 0.0519999973475933 0.0519999973475933
0.0964999943971634 0.0964999943971634 0.0871549993753433 0.0871549993753433 0.0964999943971634 0.073804996907711 0.0613449960947037 0.0560050010681152 0.0613449960947037 0.0871549993753433 0.0613449960947037 0.0600100010633469 0.0729149878025055 0.0564499981701374 0.0671299993991852 0.0519999973475933 0.0564499981701374 0.0519999973475933 0.0577849969267845 0.058229997754097 0.0519999973475933 0.0519999973475933
0.0964999943971634 0.0964999943971634 0.0884900018572807 0.0519999973475933 0.0818149968981743 0.074694998562336 0.0640150010585785 0.0778099894523621 0.0964999943971634 0.0519999973475933 0.0689099952578545 0.0519999973475933 0.0778099894523621 0.0964999943971634 0.0964999943971634 0.0519999973475933 0.0964999943971634 0.0818149968981743 0.0844849944114685 0.0519999973475933 0.0608999952673912 0.0608999952673912
0.0720249935984612 0.0720249935984612 0.0964999943971634 0.064460001885891 0.0964999943971634 0.0519999973475933 0.0960550010204315 0.0662399977445602 0.0964999943971634 0.0964999943971634 0.0595650002360344 0.060454998165369 0.0519999973475933 0.0911599919199944 0.0564499981701374 0.0524449981749058 0.0519999973475933 0.0546699985861778 0.0689099952578545 0.0858199968934059 0.0858199968934059 0.0858199968934059
0.0871549993753433 0.0871549993753433 0.0964999943971634 0.064460001885891 0.0964999943971634 0.0733599960803986 0.0849300026893616 0.09026999771595 0.0951650068163872 0.0519999973475933 0.0626799985766411 0.0782549977302551 0.0822599977254868 0.0519999973475933 0.0760299935936928 0.0524449981749058 0.0519999973475933 0.0831499993801117 0.0560050010681152 0.0964999943971634 0.0519999973475933 0.0519999973475933
0.0729149878025055 0.0729149878025055 0.0964999943971634 0.0764750018715858 0.0964999943971634 0.058229997754097 0.0519999973475933 0.0591199956834316 0.0560050010681152 0.0840400010347366 0.0938299968838692 0.0591199956834316 0.0880449935793877 0.0519999973475933 0.0778099894523621 0.064460001885891 0.064460001885891 0.0929400026798248 0.0720249935984612 0.0519999973475933 0.0640150010585785 0.0640150010585785
0.0938299968838692 0.0938299968838692 0.0884900018572807 0.0613449960947037 0.0519999973475933 0.0778099894523621 0.095610000193119 0.0560050010681152 0.0920500010251999 0.0613449960947037 0.0519999973475933 0.0791449993848801 0.0519999973475933 0.0519999973475933 0.0519999973475933 0.0608999952673912 0.0706899911165237 0.0613449960947037 0.0871549993753433 0.0600100010633469 0.0711349993944168 0.0711349993944168
0.0827049985527992 0.0827049985527992 0.0631249994039536 0.0519999973475933 0.0551149994134903 0.0827049985527992 0.095610000193119 0.0600100010633469 0.0640150010585785 0.0519999973475933 0.0867099985480309 0.0519999973475933 0.0613449960947037 0.0519999973475933 0.0519999973475933 0.0519999973475933 0.0519999973475933 0.0519999973475933 0.0964999943971634 0.0657949969172478 0.0640150010585785 0.0640150010585785
0.0519999973475933 0.0519999973475933 0.0964999943971634 0.0568949989974499 0.0858199968934059 0.0519999973475933 0.0528899952769279 0.0729149878025055 0.0884900018572807 0.0769199952483177 0.060454998165369 0.0680200010538101 0.0964999943971634 0.0840400010347366 0.0600100010633469 0.0595650002360344 0.0773649960756302 0.0600100010633469 0.0519999973475933 0.0519999973475933 0.0622349977493286 0.0622349977493286
0.0631249994039536 0.0631249994039536 0.0911599919199944 0.0671299993991852 0.0791449993848801 0.0809249952435493 0.0964999943971634 0.0964999943971634 0.0964999943971634 0.0964999943971634 0.0519999973475933 0.0867099985480309 0.0519999973475933 0.057339996099472 0.0519999973475933 0.0804799944162369 0.0671299993991852 0.0533349998295307 0.0577849969267845 0.0600100010633469 0.0924950018525124 0.0924950018525124
0.0564499981701374 0.0564499981701374 0.09026999771595 0.09026999771595 0.0929400026798248 0.0782549977302551 0.0964999943971634 0.0964999943971634 0.0964999943971634 0.0964999943971634 0.0867099985480309 0.0568949989974499 0.0920500010251999 0.0631249994039536 0.0519999973475933 0.0519999973475933 0.0519999973475933 0.0524449981749058 0.0760299935936928 0.0519999973475933 0.0840400010347366 0.0840400010347366
