Input/input_p1/p1ksat070905.asc
ncols         22
nrows         62
xllcorner     0.00000000
yllcorner     0.00000000
cellsize      0.50000000
nodata_value  -9999
[rows 0 to 37 of 62, columns 0 to 21 of 22]
0.009743332862854 0.009743332862854 0.0100933331996202 0.0125333331525326 0.0125033324584365 0.0115333329886198 0.0125333331525326 0.0125333331525326 0.0107733327895403 0.0120133329182863 0.0124433329328895 0.0124913323670626 0.0125333331525326 0.0125333331525326 0.0125333331525326 0.0125333331525326 0.0122333327308297 0.0125233335420489 0.0124033335596323 0.00976833328604698 0.00648833252489567 0.00648833252489567
0.009743332862854 0.009743332862854 0.0100933331996202 0.0125333331525326 0.0125033324584365 0.0115333329886198 0.0125333331525326 0.0125333331525326 0.0107733327895403 0.0120133329182863 0.0124433329328895 0.0124913323670626 0.0125333331525326 0.0125333331525326 0.0125333331525326 0.0125333331525326 0.0122333327308297 0.0125233335420489 0.0124033335596323 0.00976833328604698 0.00648833252489567 0.00648833252489567
0.0086833331733942 0.0086833331733942 0.0125333331525326 0.0125333331525326 0.0124933328479528 0.0120883323252201 0.0124613326042891 0.0123023334890604 0.0124753322452307 0.0124083328992128 0.0104333329945803 0.0121133327484131 0.00903333257883787 0.0113733327016234 0.0125333331525326 0.0125333331525326 0.0125333331525326 0.0111033329740167 0.0082333330065012 0.0125333331525326 0.0125333331525326 0.0125333331525326
0.0125333331525326 0.0125333331525326 0.00653333263471723 0.0124783329665661 0.0115333329886198 0.0116083323955536 0.0125093329697847 0.0122433323413134 0.0125253330916166 0.0125013329088688 0.0125333331525326 0.0125333331525326 0.0125333331525326 0.0125333331525326 0.0108733326196671 0.0125033324584365 0.0123083330690861 0.0125333331525326 0.0111833326518536 0.00873333308845758 0.0113083329051733 0.0113083329051733
0.0124233327805996 0.0124233327805996 0.0120483329519629 0.0115333329886198 0.0123693328350782 0.0100333336740732 0.0123713323846459 0.0125333331525326 0.0120833329856396 0.0112283332273364 0.0125333331525326 0.0125333331525326 0.0117233330383897 0.0110733332112432 0.0125173330307007 0.0125333331525326 0.0125333331525326 0.0125333331525326 0.00788333266973495 0.00753333279863 0.0125333331525326 0.0125333331525326
0.0121933333575726 0.0121933333575726 0.0123383337631822 0.0118333334103227 0.0125333331525326 0.0121933333575726 0.0123373325914145 0.0123293334618211 0.0125333331525326 0.0124873332679272 0.0120133329182863 0.0125333331525326 0.0125223333016038 0.0125333331525326 0.0125333331525326 0.00903333257883787 0.0125333331525326 0.012473332695663 0.0115333329886198 0.0125333331525326 0.0121683329343796 0.0121683329343796
0.0121063329279423 0.0121063329279423 0.0123333325609565 0.0124373324215412 0.0124343326315284 0.0120733333751559 0.012133332900703 0.0125333331525326 0.0119173331186175 0.0125333331525326 0.0120783327147365 0.0123713323846459 0.0116033321246505 0.0125333331525326 0.0125333331525326 0.0105733321979642 0.00967333279550076 0.0125283328816295 0.0125333331525326 0.0125333331525326 0.0122583331540227 0.0122583331540227
0.0125033324584365 0.0125033324584365 0.0124973328784108 0.0113933328539133 0.0124083328992128 0.0101653328165412 0.0112733328714967 0.0124283330515027 0.0125333331525326 0.0125333331525326 0.0119333323091269 0.0124973328784108 0.0125333331525326 0.0122333327308297 0.0123863331973553 0.0108673330396414 0.0101333325728774 0.0124133331701159 0.00746333319693804 0.0108933327719569 0.0125333331525326 0.0125333331525326
0.0112383328378201 0.0112383328378201 0.00853333249688148 0.0123093323782086 0.0084833325818181 0.010193333029747 0.0115333329886198 0.0119753330945969 0.0125333331525326 0.0125333331525326 0.0125033324584365 0.0125013329088688 0.0125213321298361 0.0124973328784108 0.0111083332449198 0.0116533329710364 0.0109733333811164 0.0112033328041434 0.0100633334368467 0.0123533327132463 0.0110783325508237 0.0110783325508237
0.0125333331525326 0.0125333331525326 0.0123623330146074 0.0124613326042891 0.0112733328714967 0.0122433323413134 0.0115333329886198 0.0124033335596323 0.0125333331525326 0.0125333331525326 0.0125333331525326 0.0125333331525326 0.0125333331525326 0.0124013321474195 0.0122433323413134 0.0118403322994709 0.0121433325111866 0.0107733327895403 0.00978833250701427 0.0110453329980373 0.0125333331525326 0.0125333331525326
0.010108333081007 0.010108333081007 0.0118133323267102 0.0125333331525326 0.0101153338328004 0.011573332361877 0.0124883335083723 0.0125333331525326 0.0122093325480819 0.0125333331525326 0.0118333334103227 0.0125193325802684 0.0111233331263065 0.0125233335420489 0.0125213321298361 0.0107133332639933 0.0125333331525326 0.0123833324760199 0.00934833288192749 0.0106583330780268 0.0125333331525326 0.0125333331525326
0.012133332900703 0.012133332900703 0.0107933329418302 0.0125333331525326 0.0124523332342505 0.0125333331525326 0.0122533328831196 0.0125333331525326 0.0118333334103227 0.0123233329504728 0.0120833329856396 0.0120333330705762 0.0119233326986432 0.0119633330032229 0.0122333327308297 0.0105533329769969 0.0114933336153626 0.0113583328202367 0.0110133327543736 0.0110333319753408 0.0115333329886198 0.0115333329886198
0.0122733321040869 0.0122733321040869 0.00529533345252275 0.00903333257883787 0.0117333335801959 0.0108183324337006 0.0124913323670626 0.0119333323091269 0.0125333331525326 0.00903333257883787 0.0110483327880502 0.0119943330064416 0.0115333329886198 0.0110333319753408 0.012515333481133 0.0124933328479528 0.011951332911849 0.0125033324584365 0.0125333331525326 0.0125183332711458 0.012473332695663 0.012473332695663
0.0105233332142234 0.0105233332142234 0.0118583329021931 0.01236333232373 0.0106933321803808 0.0125333331525326 0.0122333327308297 0.0121883330866694 0.0107733327895403 0.01210833247751 0.0124233327805996 0.0119933327659965 0.0122133325785398 0.0120033333078027 0.0123863331973553 0.0125333331525326 0.0120333330705762 0.0122433323413134 0.0101033328101039 0.0118853328749537 0.0123323332518339 0.0123323332518339
0.0103433327749372 0.0103433327749372 0.0116833327338099 0.010083332657814 0.00673333322629333 0.00758333317935467 0.0117333335801959 0.0125273326411843 0.0125333331525326 0.0125333331525326 0.0123813329264522 0.0124893328174949 0.0114453323185444 0.0124913323670626 0.0120333330705762 0.0125213321298361 0.012197332456708 0.0125333331525326 0.0105533329769969 0.0109333330765367 0.012239333242178 0.012239333242178
0.0110333319753408 0.0110333319753408 0.0124883335083723 0.0115133328363299 0.0116853322833776 0.0122333327308297 0.0115333329886198 0.0122253326699138 0.0110293328762054 0.0120433326810598 0.0125333331525326 0.012380332686007 0.011327332817018 0.012473332695663 0.0124073326587677 0.01202333252877 0.0124823329970241 0.0120433326810598 0.0110333319753408 0.0124103324487805 0.0119313327595592 0.0119313327595592
0.0125083327293396 0.0125083327293396 0.00921333208680153 0.0125183332711458 0.010533332824707 0.0117533328011632 0.0102333324030042 0.0119033325463533 0.0105533329769969 0.0100333336740732 0.00953333266079426 0.0125333331525326 0.0125313336029649 0.0125333331525326 0.0115333329886198 0.0125333331525326 0.0106783332303166 0.0125333331525326 0.0122233331203461 0.0124823329970241 0.0123333325609565 0.0123333325609565
0.00824333261698484 0.00824333261698484 0.0100333336740732 0.00753333279863 0.00603333255276084 0.0112833334133029 0.0101333325728774 0.0119333323091269 0.0080333324149251 0.00903333257883787 0.00583333289250731 0.0122033329680562 0.0100853322073817 0.012473332695663 0.0125333331525326 0.0115533331409097 0.010533332824707 0.0101333325728774 0.0123733328655362 0.0124813327565789 0.0123333325609565 0.0123333325609565
0.00753333279863 0.00753333279863 0.0123673332855105 0.0121533321216702 0.00553333247080445 0.0115533331409097 0.00983333308249712 0.00853333249688148 0.0122333327308297 0.00903333257883787 0.0113633330911398 0.0120133329182863 0.0123733328655362 0.0124973328784108 0.0124493334442377 0.0125333331525326 0.0084833325818181 0.00629333313554525 0.00861333310604095 0.0125333331525326 0.0125333331525326 0.0125333331525326
0.0101133324205875 0.0101133324205875 0.0110333319753408 0.0110133327543736 0.00753333279863 0.00739833246916533 0.00953333266079426 0.00753333279863 0.0125333331525326 0.00783333275467157 0.0080333324149251 0.0122083323076367 0.0100333336740732 0.00927833281457424 0.00753333279863 0.00996833201497793 0.00503333238884807 0.00525833247229457 0.0123933320865035 0.0125333331525326 0.010533332824707 0.010533332824707
0.009293332695961 0.009293332695961 0.0121133327484131 0.0115333329886198 0.0120933325961232 0.00703333271667361 0.00853333249688148 0.00913833267986774 0.0109523329883814 0.00753333279863 0.0080333324149251 0.012473332695663 0.0119133330881596 0.0117233330383897 0.0108533333986998 0.0080333324149251 0.0122933331876993 0.0125333331525326 0.0115333329886198 0.00953333266079426 0.00753333279863 0.00753333279863
0.0115333329886198 0.0115333329886198 0.0124973328784108 0.0120533322915435 0.0110633336007595 0.0110983336344361 0.0112733328714967 0.0117133324965835 0.0118933329358697 0.0109133319929242 0.00980333331972361 0.0119833331555128 0.0101843327283859 0.0122383330017328 0.0125333331525326 0.0124783329665661 0.00873833335936069 0.0122133325785398 0.00812333356589079 0.0100333336740732 0.00784333329647779 0.00784333329647779
0.0125333331525326 0.0125333331525326 0.0124973328784108 0.012133332900703 0.0111383330076933 0.00778333283960819 0.0122033329680562 0.0125333331525326 0.0119993332773447 0.0120883323252201 0.0110333319753408 0.0125333331525326 0.0125133330002427 0.00941833294928074 0.0125333331525326 0.0103583326563239 0.0101483324542642 0.00941833294928074 0.00851333327591419 0.0124333333224058 0.00960833299905062 0.00960833299905062
0.00960833206772804 0.00960833206772804 0.009743332862854 0.00893333274871111 0.0118613336235285 0.0122733321040869 0.0125133330002427 0.01206533331424 0.0125333331525326 0.0123233329504728 0.0123773328959942 0.0118513321503997 0.0125333331525326 0.0125333331525326 0.0124233327805996 0.0125333331525326 0.0120133329182863 0.0105833327397704 0.00948333367705345 0.00753333279863 0.0100583331659436 0.0100583331659436
0.00853333249688148 0.00853333249688148 0.00853333249688148 0.0094333328306675 0.0125013329088688 0.0124103324487805 0.0125333331525326 0.0122883329167962 0.0125333331525326 0.0124703329056501 0.0125333331525326 0.0125333331525326 0.0124833323061466 0.0125093329697847 0.0123083330690861 0.0113293332979083 0.0119433337822556 0.00953333266079426 0.011573332361877 0.00925333332270384 0.0118133323267102 0.0118133323267102
0.0120133329182863 0.0120133329182863 0.0110333319753408 0.0125333331525326 0.0112983323633671 0.0102233327925205 0.0122133325785398 0.0125333331525326 0.0125333331525326 0.0124213332310319 0.0123133333399892 0.0122783333063126 0.0123133333399892 0.011573332361877 0.0125333331525326 0.0125333331525326 0.0112333325669169 0.0119783328846097 0.0109533332288265 0.0116933323442936 0.01236333232373 0.01236333232373
0.0124683333560824 0.0124683333560824 0.00903333257883787 0.0087633328512311 0.0125183332711458 0.0080333324149251 0.0104583334177732 0.0120033333078027 0.0125183332711458 0.0123293334618211 0.0125333331525326 0.0123373325914145 0.0123383337631822 0.0113333323970437 0.0123933320865035 0.010707332752645 0.0116333328187466 0.0121133327484131 0.0110333319753408 0.0108933327719569 0.0121483327820897 0.0121483327820897
0.00953333266079426 0.00953333266079426 0.0116733331233263 0.0113933328539133 0.0123973330482841 0.00753333279863 0.0124533325433731 0.0119333323091269 0.0116233332082629 0.0121933333575726 0.0125333331525326 0.0107333334162831 0.0108883334323764 0.0125333331525326 0.0123693328350782 0.0125333331525326 0.0121193332597613 0.0123353330418468 0.011789333075285 0.0117583321407437 0.0121283335611224 0.0121283335611224
0.00653333263471723 0.00653333263471723 0.0125333331525326 0.00753333279863 0.0106533328071237 0.0087633328512311 0.011433333158493 0.0122613329440355 0.0110783325508237 0.0122983325272799 0.0113033326342702 0.0111083332449198 0.00603333255276084 0.0108933327719569 0.0125333331525326 0.0125333331525326 0.0125333331525326 0.0122963329777122 0.0123373325914145 0.0109083326533437 0.0109733333811164 0.0109733333811164
0.0125333331525326 0.0125333331525326 0.012303332798183 0.0125333331525326 0.0109333330765367 0.0111333327367902 0.00763333309441805 0.0125333331525326 0.012218332849443 0.0125333331525326 0.0124283330515027 0.012239333242178 0.00835333298891783 0.00889333244413137 0.0108533333986998 0.00653333263471723 0.0103283328935504 0.0122333327308297 0.0125133330002427 0.0125333331525326 0.010533332824707 0.010533332824707
0.00903333257883787 0.00903333257883787 0.0125333331525326 0.0118133323267102 0.0125333331525326 0.0120783327147365 0.00903333257883787 0.0112733328714967 0.0125093329697847 0.00903333257883787 0.0121533321216702 0.0124563323333859 0.01176833268255 0.0118733327835798 0.0110133327543736 0.00603333255276084 0.00926933251321316 0.0115333329886198 0.0123743321746588 0.0119733335450292 0.0110333319753408 0.0110333319753408
0.0120333330705762 0.0120333330705762 0.0124433329328895 0.0110333319753408 0.00873333308845758 0.00673333322629333 0.0080333324149251 0.0124453324824572 0.00853333249688148 0.010533332824707 0.010533332824707 0.010533332824707 0.0118893329054117 0.00987333245575428 0.0125333331525326 0.0107333334162831 0.0080333324149251 0.0111333327367902 0.0121733332052827 0.0123713323846459 0.0117433331906796 0.0117433331906796
0.0125173330307007 0.0125173330307007 0.0124973328784108 0.010533332824707 0.0124833323061466 0.0102233327925205 0.0125233335420489 0.0124493334442377 0.0094933332875371 0.0115133328363299 0.010533332824707 0.010533332824707 0.0120773324742913 0.0110133327543736 0.0125333331525326 0.0105533329769969 0.00753333279863 0.0115433325991035 0.0110333319753408 0.0122333327308297 0.0124333333224058 0.0124333333224058
0.0123183326795697 0.0123183326795697 0.0125333331525326 0.010533332824707 0.0124433329328895 0.0113733327016234 0.0118733327835798 0.0109863327816129 0.00703333271667361 0.0090933321043849 0.0105833327397704 0.0123733328655362 0.0125333331525326 0.0125333331525326 0.0118533335626125 0.0119583327323198 0.0122033329680562 0.0117233330383897 0.0115333329886198 0.0121133327484131 0.00903333257883787 0.00903333257883787
0.0110333319753408 0.0110333319753408 0.0123433331027627 0.0125333331525326 0.00753333279863 0.0119733335450292 0.0125283328816295 0.010533332824707 0.00778833264485002 0.0107733327895403 0.0125013329088688 0.0123333325609565 0.0100333336740732 0.0123713323846459 0.0118953324854374 0.0124333333224058 0.0120833329856396 0.0115333329886198 0.0120683331042528 0.0125333331525326 0.010881332680583 0.010881332680583
0.0114533323794603 0.0114533323794603 0.0125333331525326 0.0110203325748444 0.00807833299040794 0.011573332361877 0.010083332657814 0.0115333329886198 0.00998333282768726 0.00945333205163479 0.0121033331379294 0.0123713323846459 0.00953333266079426 0.010949332267046 0.0124213332310319 0.0124833323061466 0.012515333481133 0.0121573330834508 0.0123533327132463 0.0124633330851793 0.012248333543539 0.012248333543539
0.0125333331525326 0.0125333331525326 0.0125333331525326 0.0110333319753408 0.00947333313524723 0.0116833327338099 0.00933333206921816 0.0125333331525326 0.0107333334162831 0.00903333257883787 0.0113083329051733 0.010533332824707 0.0080333324149251 0.0080333324149251 0.0125333331525326 0.00953333266079426 0.0125333331525326 0.0122333327308297 0.0122173326089978 0.0125333331525326 0.0125333331525326 0.0125333331525326
0.0125333331525326 0.0125333331525326 0.0125333331525326 0.012303332798183 0.0124283330515027 0.0120433326810598 0.00995333306491375 0.0118133323267102 0.0125333331525326 0.0122813321650028 0.0123933320865035 0.010533332824707 0.0123583329841495 0.00883733294904232 0.0101413326337934 0.0119033325463533 0.0124433329328895 0.0125313336029649 0.0125333331525326 0.00857333373278379 0.00995333306491375 0.00995333306491375
