Input/input_p1/p1ksat290806.asc
ncols         22
nrows         62
xllcorner     0.00000000
yllcorner     0.00000000
cellsize      0.50000000
nodata_value  -9999
[rows 0 to 35 of 62, columns 0 to 21 of 22]
0.00656166672706604 0.00656166672706604 0.006911666598171 0.00935166701674461 0.00932166632264853 0.00835166685283184 0.00935166701674461 0.00935166701674461 0.00759166665375233 0.00883166678249836 0.0092616667971015 0.0093096662312746 0.00935166701674461 0.00935166701674461 0.00935166701674461 0.00935166701674461 0.00905166659504175 0.00934166740626097 0.00922166742384434 0.00658666668459773 0.00330666662193835 0.00330666662193835
0.00656166672706604 0.00656166672706604 0.006911666598171 0.00935166701674461 0.00932166632264853 0.00835166685283184 0.00935166701674461 0.00935166701674461 0.00759166665375233 0.00883166678249836 0.0092616667971015 0.0093096662312746 0.00935166701674461 0.00935166701674461 0.00935166701674461 0.00935166701674461 0.00905166659504175 0.00934166740626097 0.00922166742384434 0.00658666668459773 0.00330666662193835 0.00330666662193835
0.00550166657194495 0.00550166657194495 0.00935166701674461 0.00935166701674461 0.00931166671216488 0.00890666618943214 0.00927966646850109 0.00912066735327244 0.00929366610944271 0.00922666676342487 0.0072516668587923 0.00893166661262512 0.00585166644304991 0.00819166656583548 0.00935166701674461 0.00935166701674461 0.00935166701674461 0.0079216668382287 0.00505166640505195 0.00935166701674461 0.00935166701674461 0.00935166701674461
0.00935166701674461 0.00935166701674461 0.00335166649892926 0.00929666683077812 0.00835166685283184 0.00842666625976563 0.00932766683399677 0.0090616662055254 0.00934366695582867 0.00931966677308083 0.00935166701674461 0.00935166701674461 0.00935166701674461 0.00935166701674461 0.00769166648387909 0.00932166632264853 0.00912666693329811 0.00935166701674461 0.0080016665160656 0.00555166695266962 0.00812666676938534 0.00812666676938534
0.00924166664481163 0.00924166664481163 0.00886666681617498 0.00835166685283184 0.00918766669929028 0.00685166660696268 0.00918966624885798 0.00935166701674461 0.00890166684985161 0.00804666709154844 0.00935166701674461 0.00935166701674461 0.00854166690260172 0.00789166707545519 0.00933566689491272 0.00935166701674461 0.00935166701674461 0.00935166701674461 0.00470166653394699 0.00435166666284204 0.00935166701674461 0.00935166701674461
0.00901166722178459 0.00901166722178459 0.0091566676273942 0.0086516672745347 0.00935166701674461 0.00901166722178459 0.00915566645562649 0.00914766732603312 0.00935166701674461 0.00930566713213921 0.00883166678249836 0.00935166701674461 0.00934066716581583 0.00935166701674461 0.00935166701674461 0.00585166644304991 0.00935166701674461 0.00929166655987501 0.00835166685283184 0.00935166701674461 0.00898666679859161 0.00898666679859161
0.00892466679215431 0.00892466679215431 0.00915166642516851 0.00925566628575325 0.00925266649574041 0.00889166723936796 0.00895166676491499 0.00935166701674461 0.00873566698282957 0.00935166701674461 0.0088966665789485 0.00918966624885798 0.00842166598886251 0.00935166701674461 0.00935166701674461 0.0073916669934988 0.00649166712537408 0.0093466667458415 0.00935166701674461 0.00935166701674461 0.00907666701823473 0.00907666701823473
0.00932166632264853 0.00932166632264853 0.00931566674262285 0.00821166671812534 0.00922666676342487 0.00698366668075323 0.00809166673570871 0.00924666691571474 0.00935166701674461 0.00935166701674461 0.00875166617333889 0.00931566674262285 0.00935166701674461 0.00905166659504175 0.00920466706156731 0.00768566690385342 0.00695166690275073 0.00923166703432798 0.00428166706115007 0.00771166663616896 0.00935166701674461 0.00935166701674461
0.00805666670203209 0.00805666670203209 0.00535166682675481 0.00912766624242067 0.00530166691169143 0.00701166689395905 0.00835166685283184 0.0087936669588089 0.00935166701674461 0.00935166701674461 0.00932166632264853 0.00931966677308083 0.00933966599404812 0.00931566674262285 0.00792666710913181 0.00847166683524847 0.00779166677966714 0.00802166666835546 0.00688166730105877 0.00917166657745838 0.00789666641503572 0.00789666641503572
0.00935166701674461 0.00935166701674461 0.00918066687881947 0.00927966646850109 0.00809166673570871 0.0090616662055254 0.00835166685283184 0.00922166742384434 0.00935166701674461 0.00935166701674461 0.00935166701674461 0.00935166701674461 0.00935166701674461 0.00921966601163149 0.0090616662055254 0.00865866616368294 0.00896166637539864 0.00759166665375233 0.0066066668368876 0.00786366686224937 0.00935166701674461 0.00935166701674461
0.00692666647955775 0.00692666647955775 0.00863166619092226 0.00935166701674461 0.00693366676568985 0.008391666226089 0.00930666737258434 0.00935166701674461 0.00902766641229391 0.00935166701674461 0.0086516672745347 0.00933766644448042 0.00794166699051857 0.00934166740626097 0.00933966599404812 0.00753166666254401 0.00935166701674461 0.0092016663402319 0.00616666674613953 0.00747666647657752 0.00935166701674461 0.00935166701674461
0.00895166676491499 0.00895166676491499 0.00761166680604219 0.00935166701674461 0.00927066709846258 0.00935166701674461 0.00907166674733162 0.00935166701674461 0.0086516672745347 0.00914166681468487 0.00890166684985161 0.00885166693478823 0.00874166656285524 0.00878166686743498 0.00905166659504175 0.00737166684120893 0.00831166654825211 0.00817666668444872 0.00783166661858559 0.00785166677087545 0.00835166685283184 0.00835166685283184
0.00909166596829891 0.00909166596829891 0.00211366708390415 0.00585166644304991 0.00855166744440794 0.00763666676357388 0.0093096662312746 0.00875166617333889 0.00935166701674461 0.00585166644304991 0.00786666665226221 0.00881266687065363 0.00835166685283184 0.00785166677087545 0.00933366734534502 0.00931166671216488 0.00876966677606106 0.00932166632264853 0.00935166701674461 0.00933666713535786 0.00929166655987501 0.00929166655987501
0.00734166707843542 0.00734166707843542 0.00867666676640511 0.00918166618794203 0.00751166697591543 0.00935166701674461 0.00905166659504175 0.00900666695088148 0.00759166665375233 0.00892666634172201 0.00924166664481163 0.00881166663020849 0.00903166644275188 0.00882166717201471 0.00920466706156731 0.00935166701674461 0.00885166693478823 0.0090616662055254 0.00692166667431593 0.00870366673916578 0.00915066711604595 0.00915066711604595
0.00716166710481048 0.00716166710481048 0.00850166659802198 0.00690166652202606 0.00355166685767472 0.0044016670435667 0.00855166744440794 0.00934566650539637 0.00935166701674461 0.00935166701674461 0.0091996667906642 0.00930766668170691 0.008263667114079 0.0093096662312746 0.00885166693478823 0.00933966599404812 0.00901566632091999 0.00935166701674461 0.00737166684120893 0.0077516664750874 0.00905766710639 0.00905766710639
0.00785166677087545 0.00785166677087545 0.00930666737258434 0.00833166670054197 0.00850366614758968 0.00905166659504175 0.00835166685283184 0.0090436665341258 0.00784766674041748 0.00886166654527187 0.00935166701674461 0.00919866655021906 0.00814566668123007 0.00929166655987501 0.00922566652297974 0.00884166639298201 0.0093006668612361 0.00886166654527187 0.00785166677087545 0.00922866631299257 0.00874966662377119 0.00874966662377119
0.00932666659355164 0.00932666659355164 0.00603166688233614 0.00933666713535786 0.00735166668891907 0.00857166666537523 0.00705166673287749 0.00872166641056538 0.00737166684120893 0.00685166660696268 0.00635166652500629 0.00935166701674461 0.00934966746717691 0.00935166701674461 0.00835166685283184 0.00935166701674461 0.00749666709452868 0.00935166701674461 0.00904166698455811 0.0093006668612361 0.00915166642516851 0.00915166642516851
0.00506166648119688 0.00506166648119688 0.00685166660696268 0.00435166666284204 0.00285166641697288 0.00810166727751493 0.00695166690275073 0.00875166617333889 0.00485166674479842 0.00585166644304991 0.00265166652388871 0.00902166683226824 0.00690366653725505 0.00929166655987501 0.00935166701674461 0.00837166700512171 0.00735166668891907 0.00695166690275073 0.00919166672974825 0.00929966662079096 0.00915166642516851 0.00915166642516851
0.00435166666284204 0.00435166666284204 0.00918566714972258 0.00897166598588228 0.00235166656784713 0.00837166700512171 0.00665166694670916 0.00535166682675481 0.00905166659504175 0.00585166644304991 0.00818166695535183 0.00883166678249836 0.00919166672974825 0.00931566674262285 0.00926766730844975 0.00935166701674461 0.00530166691169143 0.00311166699975729 0.00543166697025299 0.00935166701674461 0.00935166701674461 0.00935166701674461
0.00693166675046086 0.00693166675046086 0.00785166677087545 0.00783166661858559 0.00435166666284204 0.00421666633337736 0.00635166652500629 0.00435166666284204 0.00935166701674461 0.00465166661888361 0.00485166674479842 0.00902666617184877 0.00685166660696268 0.00609666714444757 0.00435166666284204 0.00678666681051254 0.00185166648589075 0.00207666656933725 0.00921166595071554 0.00935166701674461 0.00735166668891907 0.00735166668891907
0.00611166656017303 0.00611166656017303 0.00893166661262512 0.00835166685283184 0.00891166646033525 0.00385166658088565 0.00535166682675481 0.00595666654407978 0.00777066638693213 0.00435166666284204 0.00485166674479842 0.00929166655987501 0.0087316669523716 0.00854166690260172 0.0076716672629118 0.00485166674479842 0.00911166705191135 0.00935166701674461 0.00835166685283184 0.00635166652500629 0.00435166666284204 0.00435166666284204
0.00835166685283184 0.00835166685283184 0.00931566674262285 0.00887166615575552 0.00788166653364897 0.00791666749864817 0.00809166673570871 0.0085316663607955 0.00871166680008173 0.00773166678845882 0.00662166671827435 0.00880166701972485 0.00700266659259796 0.00905666686594486 0.00935166701674461 0.00929666683077812 0.00555666675791144 0.00903166644275188 0.00494166696444154 0.00685166660696268 0.00466166669502854 0.00466166669502854
0.00935166701674461 0.00935166701674461 0.00931566674262285 0.00895166676491499 0.00795666687190533 0.00460166670382023 0.00902166683226824 0.00935166701674461 0.00881766714155674 0.00890666618943214 0.00785166677087545 0.00935166701674461 0.00933166686445475 0.00623666634783149 0.00935166701674461 0.00717666652053595 0.00696666678413749 0.00623666634783149 0.00533166667446494 0.00925166718661785 0.00642666732892394 0.00642666732892394
0.00642666686326265 0.00642666686326265 0.00656166672706604 0.00575166661292315 0.00867966748774052 0.00909166596829891 0.00933166686445475 0.00888366717845201 0.00935166701674461 0.00914166681468487 0.00919566676020622 0.00866966601461172 0.00935166701674461 0.00935166701674461 0.00924166664481163 0.00935166701674461 0.00883166678249836 0.00740166706964374 0.00630166660994291 0.00435166666284204 0.00687666703015566 0.00687666703015566
0.00535166682675481 0.00535166682675481 0.00535166682675481 0.00625166716054082 0.00931966677308083 0.00922866631299257 0.00935166701674461 0.00910666678100824 0.00935166701674461 0.00928866676986217 0.00935166701674461 0.00935166701674461 0.00930166617035866 0.00932766683399677 0.00912666693329811 0.00814766716212034 0.00876166764646769 0.00635166652500629 0.008391666226089 0.00607166672125459 0.00863166619092226 0.00863166619092226
0.00883166678249836 0.00883166678249836 0.00785166677087545 0.00935166701674461 0.00811666715890169 0.00704166712239385 0.00903166644275188 0.00935166701674461 0.00935166701674461 0.00923966709524393 0.00913166720420122 0.0090966671705246 0.00913166720420122 0.008391666226089 0.00935166701674461 0.00935166701674461 0.00805166643112898 0.00879666674882174 0.00777166662737727 0.00851166620850563 0.00918166618794203 0.00918166618794203
0.00928666722029448 0.00928666722029448 0.00585166644304991 0.00558166718110442 0.00933666713535786 0.00485166674479842 0.007276666816324 0.00882166717201471 0.00933666713535786 0.00914766732603312 0.00935166701674461 0.00915566645562649 0.0091566676273942 0.00815166719257832 0.00921166595071554 0.00752566661685705 0.0084516666829586 0.00893166661262512 0.00785166677087545 0.00771166663616896 0.00896666664630175 0.00896666664630175
0.00635166652500629 0.00635166652500629 0.00849166698753834 0.00821166671812534 0.00921566691249609 0.00435166666284204 0.00927166640758514 0.00875166617333889 0.00844166707247496 0.00901166722178459 0.00935166701674461 0.00755166681483388 0.00770666683092713 0.00935166701674461 0.00918766669929028 0.00935166701674461 0.00893766712397337 0.00915366690605879 0.00860766693949699 0.00857666600495577 0.00894666742533445 0.00894666742533445
0.00335166649892926 0.00335166649892926 0.00935166701674461 0.00435166666284204 0.0074716666713357 0.00558166718110442 0.00825166702270508 0.00907966680824757 0.00789666641503572 0.00911666639149189 0.00812166649848223 0.00792666710913181 0.00285166641697288 0.00771166663616896 0.00935166701674461 0.00935166701674461 0.00935166701674461 0.00911466684192419 0.00915566645562649 0.007726666983217 0.00779166677966714 0.00779166677966714
0.00935166701674461 0.00935166701674461 0.009121666662395 0.00935166701674461 0.0077516664750874 0.00795166660100222 0.00445166695863008 0.00935166701674461 0.00903666671365499 0.00935166701674461 0.00924666691571474 0.00905766710639 0.00517166685312986 0.0057116667740047 0.0076716672629118 0.00335166649892926 0.00714666629210114 0.00905166659504175 0.00933166686445475 0.00935166701674461 0.00735166668891907 0.00735166668891907
0.00585166644304991 0.00585166644304991 0.00935166701674461 0.00863166619092226 0.00935166701674461 0.0088966665789485 0.00585166644304991 0.00809166673570871 0.00932766683399677 0.00585166644304991 0.00897166598588228 0.00927466619759798 0.00858666654676199 0.00869166664779186 0.00783166661858559 0.00285166641697288 0.00608766684308648 0.00835166685283184 0.00919266603887081 0.0087916674092412 0.00785166677087545 0.00785166677087545
0.00885166693478823 0.00885166693478823 0.0092616667971015 0.00785166677087545 0.00555166695266962 0.00355166685767472 0.00485166674479842 0.0092636663466692 0.00535166682675481 0.00735166668891907 0.00735166668891907 0.00735166668891907 0.00870766676962376 0.00669166631996632 0.00935166701674461 0.00755166681483388 0.00485166674479842 0.00795166660100222 0.00899166706949472 0.00918966624885798 0.00856166705489159 0.00856166705489159
0.00933566689491272 0.00933566689491272 0.00931566674262285 0.00735166668891907 0.00930166617035866 0.00704166712239385 0.00934166740626097 0.00926766730844975 0.00631166715174913 0.00833166670054197 0.00735166668891907 0.00735166668891907 0.00889566633850336 0.00783166661858559 0.00935166701674461 0.00737166684120893 0.00435166666284204 0.00836166646331549 0.00785166677087545 0.00905166659504175 0.00925166718661785 0.00925166718661785
0.00913666654378176 0.00913666654378176 0.00935166701674461 0.00735166668891907 0.0092616667971015 0.00819166656583548 0.00869166664779186 0.0078046671114862 0.00385166658088565 0.00591166643425822 0.00740166706964374 0.00919166672974825 0.00935166701674461 0.00935166701674461 0.00867166742682457 0.00877666659653187 0.00902166683226824 0.00854166690260172 0.00835166685283184 0.00893166661262512 0.00585166644304991 0.00585166644304991
0.00785166677087545 0.00785166677087545 0.00916166696697474 0.00935166701674461 0.00435166666284204 0.0087916674092412 0.0093466667458415 0.00735166668891907 0.00460666650906205 0.00759166665375233 0.00931966677308083 0.00915166642516851 0.00685166660696268 0.00918966624885798 0.00871366634964943 0.00925166718661785 0.00890166684985161 0.00835166685283184 0.00888666696846485 0.00935166701674461 0.00769966701045632 0.00769966701045632
0.00827166717499495 0.00827166717499495 0.00935166701674461 0.0078386664390564 0.00489666638895869 0.008391666226089 0.00690166652202606 0.00835166685283184 0.0068016666918993 0.0062716668471694 0.00892166700214148 0.00918966624885798 0.00635166652500629 0.00776766706258059 0.00923966709524393 0.00930166617035866 0.00933366734534502 0.00897566694766283 0.00917166657745838 0.00928166694939137 0.00906666740775108 0.00906666740775108
