Input/input_p1/p1pavcoverveg.asc
ncols         22
nrows         62
xllcorner     0.00000000
yllcorner     0.00000000
cellsize      0.5
nodata_value  -9999
 27.8999996185303 27.8999996185303 24.4000015258789 0 0.299999982118607 10 0 0 17.6000003814697 5.19999980926514 0.899999976158142 0.419999986886978 0 0 0 0 3 0.0999999940395355 1.29999995231628 27.6500015258789 60.4500007629395 60.4500007629395
 27.8999996185303 27.8999996185303 24.4000015258789 0 0.299999982118607 10 0 0 17.6000003814697 5.19999980926514 0.899999976158142 0.419999986886978 0 0 0 0 3 0.0999999940395355 1.29999995231628 27.6500015258789 60.4500007629395 60.4500007629395
 38.5 38.5 0 0 0.399999976158142 4.44999980926514 0.719999969005585 2.30999994277954 0.579999983310699 1.25 21 4.20000028610229 35 11.5999994277954 0 0 0 14.3000001907349 43 0 0 0
 0 0 60 0.550000011920929 10 9.25 0.239999994635582 2.89999985694885 0.0799999982118607 0.319999992847443 0 0 0 0 16.6000003814697 0.299999982118607 2.25 0 13.5000009536743 38 12.25 12.25
 1.10000002384186 1.10000002384186 4.85000038146973 10 1.63999998569489 25 1.62000000476837 0 4.5 13.0500001907349 0 0 8.10000038146973 14.6000003814697 0.159999996423721 0 0 0 46.5 50 0 0
 3.40000009536743 3.40000009536743 1.94999992847443 7 0 3.40000009536743 1.96000003814697 2.03999996185303 0 0.46000000834465 5.19999980926514 0 0.109999999403954 0 0 35 0 0.599999964237213 10 0 3.65000009536743 3.65000009536743
 4.26999998092651 4.26999998092651 2 0.959999978542328 0.990000009536743 4.59999990463257 4 0 6.15999984741211 0 4.54999971389771 1.62000000476837 9.30000019073486 0 0 19.6000003814697 28.6000003814697 0.0499999970197678 0 0 2.75 2.75
 0.300000011920929 0.300000011920929 0.360000014305115 11.3999996185303 1.25 23.6800003051758 12.6000003814697 1.04999995231628 0 0 6 0.360000014305115 0 3 1.46999990940094 16.6599998474121 24 1.19999992847443 50.6999969482422 16.3999996185303 0 0
 12.9499998092651 12.9499998092651 40 2.24000000953674 40.5 23.3999996185303 10 5.57999992370605 0 0 0.300000011920929 0.319999992847443 0.119999997317791 0.359999984502792 14.25 8.80000019073486 15.5999994277954 13.3000001907349 24.6999988555908 1.80000007152557 14.5500001907349 14.5500001907349
 0 0 1.71000003814697 0.719999969005585 12.6000003814697 2.89999985694885 10 1.29999995231628 0 0 0 0 0 1.32000005245209 2.89999985694885 6.93000030517578 3.89999985694885 17.6000003814697 27.4500007629395 14.8800001144409 0 0
 24.25 24.25 7.20000028610229 0 24.1800003051758 9.59999942779541 0.450000017881393 0 3.24000000953674 0 7 0.140000000596046 14.1000003814697 0.0999999940395355 0.119999997317791 18.2000007629395 0 1.5 31.8500003814697 18.75 0 0
 4 4 17.3999996185303 0 0.810000002384186 0 2.79999995231628 0 7 2.09999990463257 4.5 5 6.10000038146973 5.69999980926514 3 19.7999992370605 10.4000005722046 11.75 15.1999998092651 15 10 10
 2.59999990463257 2.59999990463257 72.379997253418 35 8 17.1499996185303 0.419999986886978 6 0 35 14.8500003814697 5.3899998664856 10 15 0.179999992251396 0.399999976158142 5.82000017166138 0.299999982118607 0 0.150000005960464 0.599999964237213 0.599999964237213
 20.1000003814697 20.1000003814697 6.75000047683716 1.70000004768372 18.3999996185303 0 3 3.45000004768372 17.6000003814697 4.25 1.10000002384186 5.40000009536743 3.19999980926514 5.29999971389771 1.47000002861023 0 5 2.89999985694885 24.3000011444092 6.48000049591064 2.00999999046326 2.00999999046326
 21.9000015258789 21.9000015258789 8.5 24.5 58 49.5 8 0.0599999986588955 0 0 1.51999998092651 0.439999997615814 10.8800001144409 0.420000016689301 5 0.119999997317791 3.35999989509583 0 19.7999992370605 16 2.94000005722046 2.94000005722046
 15 15 0.450000017881393 10.1999998092651 8.47999954223633 3 10 3.07999992370605 15.039999961853 4.90000009536743 0 1.52999997138977 12.0600004196167 0.599999964237213 1.25999999046326 5.09999990463257 0.509999990463257 4.90000009536743 15 1.23000001907349 6.01999998092651 6.01999998092651
 0.25 0.25 33.2000007629395 0.149999991059303 20 7.79999971389771 23 6.29999971389771 19.7999992370605 25 30 0 0.0199999995529652 0 10 0 18.5499992370605 0 3.09999990463257 0.509999990463257 2 2
 42.9000015258789 42.9000015258789 25 50 65 12.5 24 6 45 35 67 3.29999995231628 24.4799995422363 0.599999964237213 0 9.80000019073486 20 24 1.60000002384186 0.519999980926514 2 2
 50 50 1.6599999666214 3.79999995231628 70 9.80000019073486 27 40 3 35 11.6999998092651 5.19999980926514 1.59999990463257 0.359999984502792 0.839999973773956 0 40.5 62.3999977111816 39.2000007629395 0 0 0
 24.2000007629395 24.2000007629395 15 15.1999998092651 50 51.3500022888184 30 50 0 47 45 3.25 25 32.5499992370605 50 25.6499996185303 75 72.75 1.39999997615814 0 20 20
 32.4000015258789 32.4000015258789 4.19999980926514 10 4.40000009536743 55 40 33.9500007629395 15.8100004196167 50 45 0.599999964237213 6.19999980926514 8.10000038146973 16.7999992370605 45 2.39999985694885 0 10 30 50 50
 10 10 0.360000014305115 4.79999971389771 14.6999998092651 14.3499994277954 12.5999994277954 8.19999980926514 6.39999961853027 16.2000007629395 27.3000011444092 5.5 23.4899997711182 2.94999980926514 0 0.550000011920929 37.9500007629395 3.19999980926514 44.0999984741211 25 46.8999977111816 46.8999977111816
 0 0 0.360000014305115 4 13.9499998092651 47.5 3.29999995231628 0 5.34000015258789 4.44999980926514 15 0 0.199999988079071 31.1499996185303 0 21.75 23.8499984741211 31.1499996185303 40.2000007629395 1 29.2499980926514 29.2499980926514
 29.25 29.25 27.8999996185303 36 6.71999979019165 2.59999990463257 0.199999988079071 4.67999982833862 0 2.09999990463257 1.55999994277954 6.82000017166138 0 0 1.10000002384186 0 5.19999980926514 19.5 30.5 50 24.75 24.75
 40 40 40 31 0.319999992847443 1.23000001907349 0 2.45000004768372 0 0.629999995231628 0 0 0.5 0.239999994635582 2.25 12.039999961853 5.89999961853027 30 9.59999942779541 32.7999992370605 7.19999980926514 7.19999980926514
 5.19999980926514 5.19999980926514 15 0 12.3499994277954 23.1000003814697 3.19999980926514 0 0 1.12000000476837 2.20000004768372 2.55000019073486 2.20000004768372 9.59999942779541 0 0 13 5.55000019073486 15.8000001907349 8.39999961853027 1.70000004768372 1.70000004768372
 0.649999976158142 0.649999976158142 35 37.7000007629395 0.149999991059303 45 20.75 5.29999971389771 0.150000005960464 2.03999996185303 0 1.96000003814697 1.94999992847443 12 1.39999997615814 18.2600002288818 9 4.19999980926514 15 16.3999996185303 3.84999990463257 3.84999990463257
 30 30 8.60000038146973 11.3999996185303 1.36000001430511 50 0.799999952316284 6 9.10000038146973 3.40000009536743 0 18 16.4500007629395 0 1.63999998569489 0 4.1399998664856 1.98000001907349 7.44000005722046 7.75 4.05000019073486 4.05000019073486
 60 60 0 50 18.7999992370605 37.7000007629395 11 2.72000002861023 14.5500001907349 2.34999990463257 12.3000001907349 14.25 65 16.3999996185303 0 0 0 2.37000012397766 1.96000003814697 16.25 15.5999994277954 15.5999994277954
 0 0 2.29999995231628 0 16 14 49 0 3.15000009536743 0 1.04999995231628 2.93999981880188 41.7999992370605 36.4000015258789 16.7999992370605 60 22.0500011444092 3 0.200000002980232 0 20 20
 35 35 0 7.20000028610229 0 4.54999971389771 35 12.5999994277954 0.239999994635582 35 3.79999995231628 0.769999980926514 7.64999961853027 6.60000038146973 15.1999998092651 65 32.6399993896484 10 1.58999991416931 5.59999990463257 15 15
 5 5 0.900000035762787 15 38 58 45 0.879999995231628 40 20 20 20 6.44000005722046 26.6000003814697 0 18 45 14 3.60000014305115 1.62000012397766 7.90000009536743 7.90000009536743
 0.159999996423721 0.159999996423721 0.360000014305115 20 0.5 23.1000003814697 0.0999999940395355 0.839999973773956 30.3999996185303 10.1999998092651 20 20 4.55999994277954 15.1999998092651 0 19.7999992370605 50 9.90000057220459 15 3 1 1
 2.15000009536743 2.15000009536743 0 20 0.899999976158142 11.5999994277954 6.59999990463257 15.4700002670288 55 34.4000015258789 19.5 1.59999990463257 0 0 6.80000019073486 5.75 3.29999995231628 8.10000038146973 10 4.19999980926514 35 35
 15 15 1.89999997615814 0 50 5.59999990463257 0.0499999970197678 20 47.4500007629395 17.6000003814697 0.319999992847443 2 25 1.62000012397766 6.37999963760376 1 4.5 10 4.65000009536743 0 16.519998550415 16.519998550415
 10.8000001907349 10.8000001907349 0 15.1300001144409 44.5499992370605 9.59999942779541 24.5 10 25.5 30.7999992370605 4.30000019073486 1.62000000476837 30 15.8400001525879 1.12000000476837 0.5 0.180000007152557 3.75999999046326 1.80000007152557 0.699999988079071 2.84999990463257 2.84999990463257
 0 0 0 15 30.6000003814697 8.5 32 0 18 35 12.25 20 45 45 0 30 0 3 3.16000008583069 0 0 0
 0 0 0 2.29999995231628 1.04999995231628 4.90000009536743 25.8000011444092 7.20000028610229 0 2.51999998092651 1.39999997615814 20 1.75 36.9599990844727 23.9200000762939 6.30000019073486 0.899999976158142 0.0199999995529652 0 39.5999984741211 25.8000011444092 25.8000011444092
 0 0 9.30000019073486 0.280000001192093 0.799999952316284 45 37 13.3000001907349 10 7.5 15 15.5 25 13.75 0 1.89999997615814 0 3.09999990463257 3.89999985694885 24.7999992370605 36.5 36.5
 7.20000028610229 7.20000028610229 11.1000003814697 0.399999976158142 45 30 49 14.7000007629395 0 1.10000002384186 5.94000005722046 31.1499996185303 17.75 5.5 10.539999961853 60 0 0.349999994039536 11.3999996185303 0 43.6500015258789 43.6500015258789
 9.36000061035156 9.36000061035156 2.5 0.450000017881393 0.199999988079071 0 24.6000003814697 4.90000009536743 8.84999942779541 18 0 25 35 4.19999980926514 20.75 58.8000030517578 60 45 25 30 13.5000009536743 13.5000009536743
 0 0 42 13 0 23.25 68.5999984741211 2.89999985694885 15 20 42.8999977111816 1.43999993801117 25 3.19999980926514 22.310001373291 2 2.39999985694885 45 23 3.60000014305115 12.75 12.75
 0.599999964237213 0.599999964237213 4.8600001335144 0 29.4999980926514 30.7999992370605 22 0.879999995231628 0 0 3 6.60000038146973 1.39999997615814 1.5 2.25 16 21.9000015258789 45 5.25 20 18 18
 14.4000005722046 14.4000005722046 0.599999964237213 62.3999977111816 0 0 0.799999952316284 24.5 0 13.4399995803833 40 33.9500007629395 65 67.1999969482422 0.439999997615814 0.199999988079071 14.7000007629395 50 24.9599990844727 3.14999985694885 6.37999963760376 6.37999963760376
 0 0 10 26.6000003814697 65 18.1999988555908 34.6500015258789 7.1399998664856 0.349999994039536 15 25.2000007629395 70 47.6000022888184 61.0999984741211 19.5 0 16.560001373291 1.79999995231628 17.1499996185303 6.62999963760376 5.15999984741211 5.15999984741211
 9.89999961853027 9.89999961853027 20 5.69999980926514 60 18.1999988555908 6.78999996185303 0.0999999940395355 0.359999984502792 0.660000026226044 10 70 0 51.0400009155273 17 19.4000015258789 0 27.6000003814697 25 3.40000009536743 1.6800000667572 1.6800000667572
 20 20 22.75 2.54999995231628 7.05000019073486 9.23999977111816 4.79999971389771 0 2.20000004768372 0 23.1399993896484 55 2.54999995231628 55 25.5599994659424 25 34 0 0 13.2300004959106 24 24
 7.30000019073486 7.30000019073486 29.4000015258789 59.4000015258789 50 4.79999971389771 0 1.17999994754791 0.359999984502792 0.959999978542328 0 0.0999999940395355 0 25 0.119999997317791 0.199999988079071 31.6800003051758 36 5.69999980926514 0.299999982118607 0.0599999986588955 0.0599999986588955
 15 15 15 49.5000038146973 21.6000003814697 12.9200000762939 32.4000015258789 0 2.34999990463257 3.70000004768372 21 6.15999984741211 9.18000030517578 65 5.69999980926514 37 3.11999988555908 6 8.10000038146973 4.69999980926514 14 14
 0 0 40 14.3499994277954 60 65.8000030517578 65.8000030517578 8.55000019073486 47 32 50 3.14999985694885 1.19999992847443 3.89999985694885 55 5.44000005722046 20 4 60 0.419999986886978 17 17
 3.09999990463257 3.09999990463257 18 29.3999996185303 18.6000003814697 0 19.7999992370605 1.80000007152557 0.100000001490116 12.7999992370605 14.6999998092651 6.29999971389771 27.4500007629395 65 65 0.799999952316284 23.3600006103516 43.2000007629395 28.7999992370605 22.75 29 29
 63.0500030517578 63.0500030517578 80 75 80 90 50.0500030517578 1.16999995708466 30 20.3999996185303 20 2.40000009536743 16 0 57 75 28.5 4.05000019073486 19.8000011444092 19.25 0 0
 0.550000011920929 0.550000011920929 11.6999998092651 57.75 75 67.4499969482422 9.80000019073486 10 8.5 0 2.20000004768372 1.4099999666214 3.6399998664856 23.8000011444092 60 69.3000030517578 19.5 17.5499992370605 11.5499992370605 13.5 45 45
 0 0 0 0 60.4500007629395 9.59999942779541 0 7.5 3.84999990463257 50 40 37 30 80 0 73.5 29.7000007629395 35 9 11.1000003814697 0 0
 35 35 0.769999980926514 1.62000012397766 26.8000011444092 16.6000003814697 40 20 2.79999995231628 63.2000007629395 60.2000007629395 46.8000030517578 23.8000011444092 35 45.3600006103516 60 31.5 28.5 5.19999980926514 0.720000028610229 19.1999988555908 19.1999988555908
 8.05000019073486 8.05000019073486 7.75 1.58999991416931 0 5 12.3000001907349 6.39999961853027 30 90 29.3999996185303 0 40 6.5 15.75 4.5 15.6400003433228 0.299999982118607 15 0.299999982118607 25 25
 0.759999990463257 0.759999990463257 1.22000002861023 0 0 10 3.35000014305115 2.93999981880188 4.19999980926514 85 5.5 32.5499992370605 37.4000015258789 0 15.1999998092651 11.1999998092651 0 0.199999988079071 1.27999997138977 18 12.75 12.75
 2.46000003814697 2.46000003814697 20 27.8999996185303 59.4000015258789 0.949999988079071 4.90000009536743 0.159999996423721 0.509999990463257 65 1 4.5 32.4000015258789 45 44.6599998474121 29.4000015258789 0 0 1.01999998092651 2.79999995231628 27 27
 0 0 28 0 49 0 0 3.54999995231628 0.900000035762787 8.05000019073486 11.6999998092651 2.30999994277954 0 25 0 0 1.98000001907349 11.5999994277954 0 1.1599999666214 1.04999995231628 1.04999995231628
 9.39999961853027 9.39999961853027 1.10000002384186 1.71000003814697 56.4000015258789 14.0399990081787 3.89999985694885 2.64000010490417 10 14.3999996185303 4.75 0.779999971389771 2 1.20000004768372 34.7999992370605 0.779999971389771 1.10000002384186 13.6499996185303 0.159999996423721 0 1.46000003814697 1.46000003814697
 1.39999997615814 1.39999997615814 11.1000003814697 0 4.42000007629395 17.6000003814697 2.25 4 1.75 20 2.22000002861023 1.60000002384186 0 0.970000028610229 60 0 2.22000002861023 30 30 1.48000001907349 5 5
 1.39999997615814 1.39999997615814 11.1000003814697 0 4.42000007629395 17.6000003814697 2.25 4 1.75 20 2.22000002861023 1.60000002384186 0 0.970000028610229 60 0 2.22000002861023 30 30 1.48000001907349 5 5
