Input/input_p1/p1sm290905.asc
ncols     22
nrows    62
xllcorner      0.00000000
yllcorner      0.00000000
cellsize      0.50000000
nodata_value -9999
[rows 0 to 39 of 62, columns 0 to 21 of 22]
0.216480001807213 0.216480001807213 0.204959988594055 0.18299999833107 0.185159996151924 0.218999996781349 0.18299999833107 0.198479995131493 0.214680001139641 0.192359983921051 0.185159996151924 0.185159996151924 0.18299999833107 0.18299999833107 0.18299999833107 0.18299999833107 0.187319993972778 0.183720007538795 0.192359983921051 0.211439996957779 0.216480001807213 0.216480001807213
0.216480001807213 0.216480001807213 0.204959988594055 0.18299999833107 0.185159996151924 0.218999996781349 0.18299999833107 0.198479995131493 0.214680001139641 0.192359983921051 0.185159996151924 0.185159996151924 0.18299999833107 0.18299999833107 0.18299999833107 0.18299999833107 0.187319993972778 0.183720007538795 0.192359983921051 0.211439996957779 0.216480001807213 0.216480001807213
0.210719987750053 0.210719987750053 0.18299999833107 0.18299999833107 0.185879990458488 0.215039983391762 0.191640004515648 0.210719987750053 0.193439990282059 0.19200000166893 0.204600006341934 0.204600006341934 0.218999996781349 0.193439990282059 0.18299999833107 0.18299999833107 0.18299999833107 0.190919995307922 0.213959991931915 0.18299999833107 0.18299999833107 0.18299999833107
0.18299999833107 0.18299999833107 0.218999996781349 0.186959981918335 0.218999996781349 0.196319997310638 0.183720007538795 0.193439990282059 0.18444000184536 0.194519996643066 0.18299999833107 0.18299999833107 0.18299999833107 0.18299999833107 0.212880000472069 0.183359995484352 0.188400000333786 0.18299999833107 0.192719995975494 0.210359990596771 0.200639992952347 0.200639992952347
0.190919995307922 0.190919995307922 0.217920005321503 0.218999996781349 0.212520003318787 0.218999996781349 0.212159991264343 0.206759989261627 0.215399995446205 0.214320003986359 0.18299999833107 0.18299999833107 0.212159991264343 0.209279999136925 0.185879990458488 0.18299999833107 0.18299999833107 0.18299999833107 0.216480001807213 0.218999996781349 0.18299999833107 0.18299999833107
0.207479998469353 0.207479998469353 0.197039991617203 0.218999996781349 0.18299999833107 0.207479998469353 0.218279987573624 0.207479998469353 0.18299999833107 0.1995600014925 0.201719999313354 0.18299999833107 0.186959981918335 0.18444000184536 0.18299999833107 0.218999996781349 0.18299999833107 0.183720007538795 0.190200001001358 0.18299999833107 0.209279999136925 0.209279999136925
0.204959988594055 0.204959988594055 0.218999996781349 0.194519996643066 0.218639999628067 0.216120004653931 0.218999996781349 0.18299999833107 0.214680001139641 0.192719995975494 0.206399977207184 0.212159991264343 0.205320000648499 0.18299999833107 0.18299999833107 0.218279987573624 0.198839992284775 0.183359995484352 0.18299999833107 0.18299999833107 0.186959981918335 0.186959981918335
0.186599999666214 0.186599999666214 0.195960000157356 0.210359990596771 0.184799998998642 0.206039994955063 0.205679997801781 0.190560013055801 0.195960000157356 0.190560013055801 0.218999996781349 0.195960000157356 0.18299999833107 0.218999996781349 0.190560013055801 0.218279987573624 0.200279980897903 0.184080004692078 0.211079999804497 0.212520003318787 0.18299999833107 0.18299999833107
0.196319997310638 0.196319997310638 0.218999996781349 0.185879990458488 0.212159991264343 0.201719999313354 0.218999996781349 0.216480001807213 0.187319993972778 0.18299999833107 0.186599999666214 0.194519996643066 0.18444000184536 0.187319993972778 0.217199996113777 0.214680001139641 0.201719999313354 0.189840003848076 0.196679994463921 0.189480006694794 0.217920005321503 0.217920005321503
0.18299999833107 0.18299999833107 0.203519999980927 0.191640004515648 0.195960000157356 0.193439990282059 0.218999996781349 0.192359983921051 0.202079996466637 0.197039991617203 0.18299999833107 0.193800002336502 0.1995600014925 0.206759989261627 0.203879997134209 0.218639999628067 0.197039991617203 0.198839992284775 0.204959988594055 0.216480001807213 0.18299999833107 0.18299999833107
0.217920005321503 0.217920005321503 0.189480006694794 0.18299999833107 0.216480001807213 0.217559993267059 0.186240002512932 0.18299999833107 0.212159991264343 0.18299999833107 0.208200007677078 0.185520008206367 0.216839998960495 0.183359995484352 0.18444000184536 0.215760007500648 0.18299999833107 0.188400000333786 0.215760007500648 0.21000000834465 0.18299999833107 0.18299999833107
0.188759982585907 0.188759982585907 0.203879997134209 0.18299999833107 0.184080004692078 0.18299999833107 0.203159987926483 0.18299999833107 0.218999996781349 0.19811999797821 0.199200004339218 0.218999996781349 0.204959988594055 0.217199996113777 0.218999996781349 0.218639999628067 0.211800009012222 0.199919998645782 0.196679994463921 0.218999996781349 0.218999996781349 0.218999996781349
0.192359983921051 0.192359983921051 0.216839998960495 0.218999996781349 0.218999996781349 0.200639992952347 0.185159996151924 0.218999996781349 0.18299999833107 0.218999996781349 0.218639999628067 0.210719987750053 0.218999996781349 0.218999996781349 0.185159996151924 0.185879990458488 0.217920005321503 0.185159996151924 0.18299999833107 0.184799998998642 0.185159996151924 0.185159996151924
0.207120001316071 0.207120001316071 0.186240002512932 0.18911999464035 0.1995600014925 0.18299999833107 0.218999996781349 0.207839995622635 0.214680001139641 0.213599994778633 0.190919995307922 0.202439993619919 0.194519996643066 0.202079996466637 0.200639992952347 0.183720007538795 0.20100000500679 0.203879997134209 0.202439993619919 0.202439993619919 0.207120001316071 0.207120001316071
0.209279999136925 0.209279999136925 0.18911999464035 0.218279987573624 0.218999996781349 0.218639999628067 0.218999996781349 0.183720007538795 0.18299999833107 0.18299999833107 0.210359990596771 0.190919995307922 0.207479998469353 0.188040003180504 0.218999996781349 0.183720007538795 0.200279980897903 0.18299999833107 0.218639999628067 0.211800009012222 0.218279987573624 0.218279987573624
0.218999996781349 0.218999996781349 0.186240002512932 0.207479998469353 0.202079996466637 0.20100000500679 0.218999996781349 0.190919995307922 0.216839998960495 0.200639992952347 0.215039983391762 0.201360002160072 0.207120001316071 0.185159996151924 0.19811999797821 0.201360002160072 0.201360002160072 0.200639992952347 0.218999996781349 0.197759985923767 0.213959991931915 0.213959991931915
0.183359995484352 0.183359995484352 0.212880000472069 0.183359995484352 0.218999996781349 0.201719999313354 0.218999996781349 0.19811999797821 0.218639999628067 0.218999996781349 0.218999996781349 0.18299999833107 0.183359995484352 0.18299999833107 0.218999996781349 0.18299999833107 0.202079996466637 0.18299999833107 0.205320000648499 0.18911999464035 0.218999996781349 0.218999996781349
0.206759989261627 0.206759989261627 0.218999996781349 0.218999996781349 0.218999996781349 0.19200000166893 0.218999996781349 0.190200001001358 0.218999996781349 0.218999996781349 0.218999996781349 0.190919995307922 0.207479998469353 0.187319993972778 0.18299999833107 0.218279987573624 0.20100000500679 0.200279980897903 0.211800009012222 0.201719999313354 0.218999996781349 0.218999996781349
0.218999996781349 0.218999996781349 0.212880000472069 0.196679994463921 0.218999996781349 0.218279987573624 0.218999996781349 0.218999996781349 0.187319993972778 0.218999996781349 0.192359983921051 0.192359983921051 0.194519996643066 0.187319993972778 0.19811999797821 0.18299999833107 0.202439993619919 0.217559993267059 0.218279987573624 0.18299999833107 0.184080004692078 0.184080004692078
0.198839992284775 0.198839992284775 0.218999996781349 0.196679994463921 0.218999996781349 0.211439996957779 0.218999996781349 0.218999996781349 0.18299999833107 0.218999996781349 0.218999996781349 0.18767999112606 0.218999996781349 0.216480001807213 0.218999996781349 0.203519999980927 0.218999996781349 0.217920005321503 0.193080008029938 0.18299999833107 0.218999996781349 0.218999996781349
0.208920001983643 0.208920001983643 0.213239997625351 0.218999996781349 0.185879990458488 0.218999996781349 0.218999996781349 0.217920005321503 0.216480001807213 0.218999996781349 0.218999996781349 0.183720007538795 0.205320000648499 0.212159991264343 0.19811999797821 0.218999996781349 0.185879990458488 0.18299999833107 0.218999996781349 0.218999996781349 0.218999996781349 0.218999996781349
0.218999996781349 0.218999996781349 0.189480006694794 0.200279980897903 0.19811999797821 0.197759985923767 0.19811999797821 0.197759985923767 0.206039994955063 0.212159991264343 0.215760007500648 0.190919995307922 0.214320003986359 0.204239994287491 0.18299999833107 0.183359995484352 0.207839995622635 0.185879990458488 0.205679997801781 0.218999996781349 0.208200007677078 0.208200007677078
0.18299999833107 0.18299999833107 0.189480006694794 0.197400003671646 0.216480001807213 0.217199996113777 0.186959981918335 0.18299999833107 0.215039983391762 0.215039983391762 0.218999996781349 0.18299999833107 0.18444000184536 0.215039983391762 0.18299999833107 0.214320003986359 0.202079996466637 0.215039983391762 0.207120001316071 0.183720007538795 0.206399977207184 0.206399977207184
0.199200004339218 0.199200004339218 0.216480001807213 0.218999996781349 0.19811999797821 0.201719999313354 0.183720007538795 0.211079999804497 0.18299999833107 0.19811999797821 0.201719999313354 0.205320000648499 0.18299999833107 0.18299999833107 0.190919995307922 0.18299999833107 0.201719999313354 0.206399977207184 0.204959988594055 0.218999996781349 0.202800005674362 0.202800005674362
0.218999996781349 0.218999996781349 0.218999996781349 0.205320000648499 0.185879990458488 0.197759985923767 0.18299999833107 0.200639992952347 0.18299999833107 0.205679997801781 0.18299999833107 0.18299999833107 0.186599999666214 0.187319993972778 0.199200004339218 0.213959991931915 0.204239994287491 0.218999996781349 0.194519996643066 0.212520003318787 0.191640004515648 0.191640004515648
0.201719999313354 0.201719999313354 0.218999996781349 0.18299999833107 0.217199996113777 0.206759989261627 0.206039994955063 0.190200001001358 0.18299999833107 0.203159987926483 0.190919995307922 0.188400000333786 0.198839992284775 0.217559993267059 0.18299999833107 0.18299999833107 0.218999996781349 0.196319997310638 0.211439996957779 0.193080008029938 0.195240005850792 0.195240005850792
0.18767999112606 0.18767999112606 0.218999996781349 0.203879997134209 0.183359995484352 0.218999996781349 0.212880000472069 0.202079996466637 0.188400000333786 0.207479998469353 0.18299999833107 0.188040003180504 0.197039991617203 0.218999996781349 0.185520008206367 0.212880000472069 0.218999996781349 0.213239997625351 0.218999996781349 0.212520003318787 0.210719987750053 0.210719987750053
0.218999996781349 0.218999996781349 0.198479995131493 0.196679994463921 0.185879990458488 0.218999996781349 0.183720007538795 0.204600006341934 0.215760007500648 0.207479998469353 0.18299999833107 0.218999996781349 0.199919998645782 0.18299999833107 0.212520003318787 0.18299999833107 0.207839995622635 0.206759989261627 0.205320000648499 0.194159984588623 0.212159991264343 0.212159991264343
0.218999996781349 0.218999996781349 0.18299999833107 0.218999996781349 0.216839998960495 0.203879997134209 0.190919995307922 0.195240005850792 0.217920005321503 0.199919998645782 0.212520003318787 0.217199996113777 0.218999996781349 0.212520003318787 0.18299999833107 0.18299999833107 0.18299999833107 0.211439996957779 0.200639992952347 0.206399977207184 0.211079999804497 0.211079999804497
0.18299999833107 0.18299999833107 0.191280007362366 0.18299999833107 0.218999996781349 0.193080008029938 0.218279987573624 0.207839995622635 0.205679997801781 0.18299999833107 0.190560013055801 0.190560013055801 0.210359990596771 0.215760007500648 0.213239997625351 0.218999996781349 0.200639992952347 0.218999996781349 0.186599999666214 0.18299999833107 0.218999996781349 0.218999996781349
0.218999996781349 0.218999996781349 0.18299999833107 0.208920001983643 0.191640004515648 0.18767999112606 0.218999996781349 0.19811999797821 0.191640004515648 0.218999996781349 0.189840003848076 0.210719987750053 0.201360002160072 0.206759989261627 0.210359990596771 0.218999996781349 0.200279980897903 0.218999996781349 0.202079996466637 0.211800009012222 0.218999996781349 0.218999996781349
0.218999996781349 0.218999996781349 0.189480006694794 0.218999996781349 0.218999996781349 0.218999996781349 0.218999996781349 0.198839992284775 0.218999996781349 0.218999996781349 0.218999996781349 0.218999996781349 0.216120004653931 0.210359990596771 0.18299999833107 0.218999996781349 0.218999996781349 0.208200007677078 0.208920001983643 0.189480006694794 0.211439996957779 0.211439996957779
0.185879990458488 0.185879990458488 0.189480006694794 0.218999996781349 0.184799998998642 0.206759989261627 0.183720007538795 0.19811999797821 0.210359990596771 0.201360002160072 0.218999996781349 0.218999996781349 0.191640004515648 0.210359990596771 0.18299999833107 0.218639999628067 0.218999996781349 0.19488000869751 0.218999996781349 0.204600006341934 0.190200001001358 0.190200001001358
0.198479995131493 0.198479995131493 0.18299999833107 0.218999996781349 0.185159996151924 0.203879997134209 0.190919995307922 0.215760007500648 0.218999996781349 0.213959991931915 0.211079999804497 0.188759982585907 0.18299999833107 0.18299999833107 0.195240005850792 0.191280007362366 0.186959981918335 0.192719995975494 0.218999996781349 0.195600003004074 0.218999996781349 0.218999996781349
0.218999996781349 0.218999996781349 0.196679994463921 0.18299999833107 0.218999996781349 0.188759982585907 0.183359995484352 0.218999996781349 0.209279999136925 0.194519996643066 0.188759982585907 0.218999996781349 0.218999996781349 0.186240002512932 0.193439990282059 0.183720007538795 0.188400000333786 0.218999996781349 0.194159984588623 0.18299999833107 0.204239994287491 0.204239994287491
0.208920001983643 0.208920001983643 0.18299999833107 0.215039983391762 0.218639999628067 0.200279980897903 0.218279987573624 0.218999996781349 0.213599994778633 0.214680001139641 0.213959991931915 0.212159991264343 0.218999996781349 0.214680001139641 0.185520008206367 0.183720007538795 0.186240002512932 0.216839998960495 0.189480006694794 0.188040003180504 0.217199996113777 0.217199996113777
0.18299999833107 0.18299999833107 0.18299999833107 0.218999996781349 0.207479998469353 0.195240005850792 0.206039994955063 0.18299999833107 0.218999996781349 0.218999996781349 0.200639992952347 0.218999996781349 0.218999996781349 0.218999996781349 0.18299999833107 0.218999996781349 0.18299999833107 0.218999996781349 0.211439996957779 0.18299999833107 0.18299999833107 0.18299999833107
0.18299999833107 0.18299999833107 0.18299999833107 0.1995600014925 0.190560013055801 0.188040003180504 0.213959991931915 0.195960000157356 0.18299999833107 0.188040003180504 0.188040003180504 0.218999996781349 0.184799998998642 0.214680001139641 0.216120004653931 0.188040003180504 0.199200004339218 0.183359995484352 0.18299999833107 0.214680001139641 0.213959991931915 0.213959991931915
0.18911999464035 0.18911999464035 0.216480001807213 0.188040003180504 0.185879990458488 0.218999996781349 0.218999996781349 0.196679994463921 0.218999996781349 0.21000000834465 0.218999996781349 0.205320000648499 0.218999996781349 0.202800005674362 0.18299999833107 0.196679994463921 0.189480006694794 0.205320000648499 0.197039991617203 0.205320000648499 0.209279999136925 0.209279999136925
0.208920001983643 0.208920001983643 0.209639996290207 0.18444000184536 0.218999996781349 0.218999996781349 0.218279987573624 0.200639992952347 0.18299999833107 0.186959981918335 0.190919995307922 0.215039983391762 0.208559989929199 0.190919995307922 0.205320000648499 0.218999996781349 0.18299999833107 0.185520008206367 0.196679994463921 0.188759982585907 0.217920005321503 0.217920005321503
