Input/input_p1/plot1_phi4.asc
ncols         22
nrows         62
xllcorner     0.00000000
yllcorner     0.00000000
cellsize      0.5
nodata_value  -9999
[rows 0 to 37 of 62, columns 0 to 21 of 22]
0.0458199977874756 0.0458199977874756 0.0541400015354156 0.0700000002980232 0.0684399977326393 0.0439999997615814 0.0700000002980232 0.0588199980556965 0.0471199974417686 0.0632400065660477 0.0684399977326393 0.0684399977326393 0.0700000002980232 0.0700000002980232 0.0700000002980232 0.0700000002980232 0.0668799951672554 0.0694800019264221 0.0632400065660477 0.0494600012898445 0.0458199977874756 0.0458199977874756
0.0458199977874756 0.0458199977874756 0.0541400015354156 0.0700000002980232 0.0684399977326393 0.0439999997615814 0.0700000002980232 0.0588199980556965 0.0471199974417686 0.0632400065660477 0.0684399977326393 0.0684399977326393 0.0700000002980232 0.0700000002980232 0.0700000002980232 0.0700000002980232 0.0668799951672554 0.0694800019264221 0.0632400065660477 0.0494600012898445 0.0458199977874756 0.0458199977874756
0.0499799996614456 0.0499799996614456 0.0700000002980232 0.0700000002980232 0.0679199993610382 0.0468599982559681 0.0637599974870682 0.0499799996614456 0.0624599978327751 0.0635000020265579 0.0544000007212162 0.0544000007212162 0.0439999997615814 0.0624599978327751 0.0700000002980232 0.0700000002980232 0.0700000002980232 0.0642800033092499 0.04763999953866 0.0700000002980232 0.0700000002980232 0.0700000002980232
0.0700000002980232 0.0700000002980232 0.0439999997615814 0.0671400055289268 0.0439999997615814 0.0603800006210804 0.0694800019264221 0.0624599978327751 0.0689599961042404 0.0616800040006638 0.0700000002980232 0.0700000002980232 0.0700000002980232 0.0700000002980232 0.048420000821352 0.069740004837513 0.066100001335144 0.0700000002980232 0.0629800036549568 0.0502400025725365 0.0572599992156029 0.0572599992156029
0.0642800033092499 0.0642800033092499 0.0447800010442734 0.0439999997615814 0.0486800000071526 0.0439999997615814 0.0489399991929531 0.0528400056064129 0.0465999990701675 0.0473800003528595 0.0700000002980232 0.0700000002980232 0.0489399991929531 0.0510200038552284 0.0679199993610382 0.0700000002980232 0.0700000002980232 0.0700000002980232 0.0458199977874756 0.0439999997615814 0.0700000002980232 0.0700000002980232
0.0523200035095215 0.0523200035095215 0.0598600022494793 0.0439999997615814 0.0700000002980232 0.0523200035095215 0.0445200018584728 0.0523200035095215 0.0700000002980232 0.0580400042235851 0.0564799979329109 0.0700000002980232 0.0671400055289268 0.0689599961042404 0.0700000002980232 0.0439999997615814 0.0700000002980232 0.0694800019264221 0.064800001680851 0.0700000002980232 0.0510200038552284 0.0510200038552284
0.0541400015354156 0.0541400015354156 0.0439999997615814 0.0616800040006638 0.0442600026726723 0.0460800044238567 0.0439999997615814 0.0700000002980232 0.0471199974417686 0.0629800036549568 0.0531000010669231 0.0489399991929531 0.0538799986243248 0.0700000002980232 0.0700000002980232 0.0445200018584728 0.0585599988698959 0.069740004837513 0.0700000002980232 0.0700000002980232 0.0671400055289268 0.0671400055289268
0.0674000009894371 0.0674000009894371 0.060639999806881 0.0502400025725365 0.0687000006437302 0.0533600002527237 0.0536200031638145 0.0645399987697601 0.060639999806881 0.0645399987697601 0.0439999997615814 0.060639999806881 0.0700000002980232 0.0439999997615814 0.0645399987697601 0.0445200018584728 0.0575199984014034 0.0692199990153313 0.0497200004756451 0.0486800000071526 0.0700000002980232 0.0700000002980232
0.0603800006210804 0.0603800006210804 0.0439999997615814 0.0679199993610382 0.0489399991929531 0.0564799979329109 0.0439999997615814 0.0458199977874756 0.0668799951672554 0.0700000002980232 0.0674000009894371 0.0616800040006638 0.0689599961042404 0.0668799951672554 0.0452999956905842 0.0471199974417686 0.0564799979329109 0.0650599971413612 0.0601200014352798 0.0653199926018715 0.0447800010442734 0.0447800010442734
0.0700000002980232 0.0700000002980232 0.0551800020039082 0.0637599974870682 0.060639999806881 0.0624599978327751 0.0439999997615814 0.0632400065660477 0.0562199987471104 0.0598600022494793 0.0700000002980232 0.0622000023722649 0.0580400042235851 0.0528400056064129 0.054919995367527 0.0442600026726723 0.0598600022494793 0.0585599988698959 0.0541400015354156 0.0458199977874756 0.0700000002980232 0.0700000002980232
0.0447800010442734 0.0447800010442734 0.0653199926018715 0.0700000002980232 0.0458199977874756 0.0450400002300739 0.067660003900528 0.0700000002980232 0.0489399991929531 0.0700000002980232 0.0518000014126301 0.0681800022721291 0.0455600023269653 0.069740004837513 0.0689599961042404 0.0463400036096573 0.0700000002980232 0.066100001335144 0.0463400036096573 0.050500001758337 0.0700000002980232 0.0700000002980232
0.0658399984240532 0.0658399984240532 0.054919995367527 0.0700000002980232 0.0692199990153313 0.0700000002980232 0.0554399974644184 0.0700000002980232 0.0439999997615814 0.0590800009667873 0.0582999996840954 0.0439999997615814 0.0541400015354156 0.0452999956905842 0.0439999997615814 0.0442600026726723 0.049200002104044 0.057779997587204 0.0601200014352798 0.0439999997615814 0.0439999997615814 0.0439999997615814
0.0632400065660477 0.0632400065660477 0.0455600023269653 0.0439999997615814 0.0439999997615814 0.0572599992156029 0.0684399977326393 0.0439999997615814 0.0700000002980232 0.0439999997615814 0.0442600026726723 0.0499799996614456 0.0439999997615814 0.0439999997615814 0.0684399977326393 0.0679199993610382 0.0447800010442734 0.0684399977326393 0.0700000002980232 0.0687000006437302 0.0684399977326393 0.0684399977326393
0.052580002695322 0.052580002695322 0.067660003900528 0.0655800029635429 0.0580400042235851 0.0700000002980232 0.0439999997615814 0.0520600043237209 0.0471199974417686 0.0479000061750412 0.0642800033092499 0.0559600032866001 0.0616800040006638 0.0562199987471104 0.0572599992156029 0.0694800019264221 0.056999996304512 0.054919995367527 0.0559600032866001 0.0559600032866001 0.052580002695322 0.052580002695322
0.0510200038552284 0.0510200038552284 0.0655800029635429 0.0445200018584728 0.0439999997615814 0.0442600026726723 0.0439999997615814 0.0694800019264221 0.0700000002980232 0.0700000002980232 0.0502400025725365 0.0642800033092499 0.0523200035095215 0.0663600042462349 0.0439999997615814 0.0694800019264221 0.0575199984014034 0.0700000002980232 0.0442600026726723 0.049200002104044 0.0445200018584728 0.0445200018584728
0.0439999997615814 0.0439999997615814 0.067660003900528 0.0523200035095215 0.0562199987471104 0.056999996304512 0.0439999997615814 0.0642800033092499 0.0455600023269653 0.0572599992156029 0.0468599982559681 0.0567399971187115 0.052580002695322 0.0684399977326393 0.0590800009667873 0.0567399971187115 0.0567399971187115 0.0572599992156029 0.0439999997615814 0.0593399964272976 0.04763999953866 0.04763999953866
0.069740004837513 0.069740004837513 0.048420000821352 0.069740004837513 0.0439999997615814 0.0564799979329109 0.0439999997615814 0.0590800009667873 0.0442600026726723 0.0439999997615814 0.0439999997615814 0.0700000002980232 0.069740004837513 0.0700000002980232 0.0439999997615814 0.0700000002980232 0.0562199987471104 0.0700000002980232 0.0538799986243248 0.0655800029635429 0.0439999997615814 0.0439999997615814
0.0528400056064129 0.0528400056064129 0.0439999997615814 0.0439999997615814 0.0439999997615814 0.0635000020265579 0.0439999997615814 0.064800001680851 0.0439999997615814 0.0439999997615814 0.0439999997615814 0.0642800033092499 0.0523200035095215 0.0668799951672554 0.0700000002980232 0.0445200018584728 0.056999996304512 0.0575199984014034 0.049200002104044 0.0564799979329109 0.0439999997615814 0.0439999997615814
0.0439999997615814 0.0439999997615814 0.048420000821352 0.0601200014352798 0.0439999997615814 0.0445200018584728 0.0439999997615814 0.0439999997615814 0.0668799951672554 0.0439999997615814 0.0632400065660477 0.0632400065660477 0.0616800040006638 0.0668799951672554 0.0590800009667873 0.0700000002980232 0.0559600032866001 0.0450400002300739 0.0445200018584728 0.0700000002980232 0.0692199990153313 0.0692199990153313
0.0585599988698959 0.0585599988698959 0.0439999997615814 0.0601200014352798 0.0439999997615814 0.0494600012898445 0.0439999997615814 0.0439999997615814 0.0700000002980232 0.0439999997615814 0.0439999997615814 0.0666199997067451 0.0439999997615814 0.0458199977874756 0.0439999997615814 0.0551800020039082 0.0439999997615814 0.0447800010442734 0.062720000743866 0.0700000002980232 0.0439999997615814 0.0439999997615814
0.051280003041029 0.051280003041029 0.0481600016355515 0.0439999997615814 0.0679199993610382 0.0439999997615814 0.0439999997615814 0.0447800010442734 0.0458199977874756 0.0439999997615814 0.0439999997615814 0.0694800019264221 0.0538799986243248 0.0489399991929531 0.0590800009667873 0.0439999997615814 0.0679199993610382 0.0700000002980232 0.0439999997615814 0.0439999997615814 0.0439999997615814 0.0439999997615814
0.0439999997615814 0.0439999997615814 0.0653199926018715 0.0575199984014034 0.0590800009667873 0.0593399964272976 0.0590800009667873 0.0593399964272976 0.0533600002527237 0.0489399991929531 0.0463400036096573 0.0642800033092499 0.0473800003528595 0.0546599961817265 0.0700000002980232 0.069740004837513 0.0520600043237209 0.0679199993610382 0.0536200031638145 0.0439999997615814 0.0518000014126301 0.0518000014126301
0.0700000002980232 0.0700000002980232 0.0653199926018715 0.059600006788969 0.0458199977874756 0.0452999956905842 0.0671400055289268 0.0700000002980232 0.0468599982559681 0.0468599982559681 0.0439999997615814 0.0700000002980232 0.0689599961042404 0.0468599982559681 0.0700000002980232 0.0473800003528595 0.0562199987471104 0.0468599982559681 0.052580002695322 0.0694800019264221 0.0531000010669231 0.0531000010669231
0.0582999996840954 0.0582999996840954 0.0458199977874756 0.0439999997615814 0.0590800009667873 0.0564799979329109 0.0694800019264221 0.0497200004756451 0.0700000002980232 0.0590800009667873 0.0564799979329109 0.0538799986243248 0.0700000002980232 0.0700000002980232 0.0642800033092499 0.0700000002980232 0.0564799979329109 0.0531000010669231 0.0541400015354156 0.0439999997615814 0.055699996650219 0.055699996650219
0.0439999997615814 0.0439999997615814 0.0439999997615814 0.0538799986243248 0.0679199993610382 0.0593399964272976 0.0700000002980232 0.0572599992156029 0.0700000002980232 0.0536200031638145 0.0700000002980232 0.0700000002980232 0.0674000009894371 0.0668799951672554 0.0582999996840954 0.04763999953866 0.0546599961817265 0.0439999997615814 0.0616800040006638 0.0486800000071526 0.0637599974870682 0.0637599974870682
0.0564799979329109 0.0564799979329109 0.0439999997615814 0.0700000002980232 0.0452999956905842 0.0528400056064129 0.0533600002527237 0.064800001680851 0.0700000002980232 0.0554399974644184 0.0642800033092499 0.066100001335144 0.0585599988698959 0.0450400002300739 0.0700000002980232 0.0700000002980232 0.0439999997615814 0.0603800006210804 0.0494600012898445 0.062720000743866 0.0611600019037724 0.0611600019037724
0.0666199997067451 0.0666199997067451 0.0439999997615814 0.054919995367527 0.069740004837513 0.0439999997615814 0.048420000821352 0.0562199987471104 0.066100001335144 0.0523200035095215 0.0700000002980232 0.0663600042462349 0.0598600022494793 0.0439999997615814 0.0681800022721291 0.048420000821352 0.0439999997615814 0.0481600016355515 0.0439999997615814 0.0486800000071526 0.0499799996614456 0.0499799996614456
0.0439999997615814 0.0439999997615814 0.0588199980556965 0.0601200014352798 0.0679199993610382 0.0439999997615814 0.0694800019264221 0.0544000007212162 0.0463400036096573 0.0523200035095215 0.0700000002980232 0.0439999997615814 0.057779997587204 0.0700000002980232 0.0486800000071526 0.0700000002980232 0.0520600043237209 0.0528400056064129 0.0538799986243248 0.0619400031864643 0.0489399991929531 0.0489399991929531
0.0439999997615814 0.0439999997615814 0.0700000002980232 0.0439999997615814 0.0455600023269653 0.054919995367527 0.0642800033092499 0.0611600019037724 0.0447800010442734 0.057779997587204 0.0486800000071526 0.0452999956905842 0.0439999997615814 0.0486800000071526 0.0700000002980232 0.0700000002980232 0.0700000002980232 0.0494600012898445 0.0572599992156029 0.0531000010669231 0.0497200004756451 0.0497200004756451
0.0700000002980232 0.0700000002980232 0.064020000398159 0.0700000002980232 0.0439999997615814 0.062720000743866 0.0445200018584728 0.0520600043237209 0.0536200031638145 0.0700000002980232 0.0645399987697601 0.0645399987697601 0.0502400025725365 0.0463400036096573 0.0481600016355515 0.0439999997615814 0.0572599992156029 0.0439999997615814 0.0674000009894371 0.0700000002980232 0.0439999997615814 0.0439999997615814
0.0439999997615814 0.0439999997615814 0.0700000002980232 0.051280003041029 0.0637599974870682 0.0666199997067451 0.0439999997615814 0.0590800009667873 0.0637599974870682 0.0439999997615814 0.0650599971413612 0.0499799996614456 0.0567399971187115 0.0528400056064129 0.0502400025725365 0.0439999997615814 0.0575199984014034 0.0439999997615814 0.0562199987471104 0.049200002104044 0.0439999997615814 0.0439999997615814
0.0439999997615814 0.0439999997615814 0.0653199926018715 0.0439999997615814 0.0439999997615814 0.0439999997615814 0.0439999997615814 0.0585599988698959 0.0439999997615814 0.0439999997615814 0.0439999997615814 0.0439999997615814 0.0460800044238567 0.0502400025725365 0.0700000002980232 0.0439999997615814 0.0439999997615814 0.0518000014126301 0.051280003041029 0.0653199926018715 0.0494600012898445 0.0494600012898445
0.0679199993610382 0.0679199993610382 0.0653199926018715 0.0439999997615814 0.0687000006437302 0.0528400056064129 0.0694800019264221 0.0590800009667873 0.0502400025725365 0.0567399971187115 0.0439999997615814 0.0439999997615814 0.0637599974870682 0.0502400025725365 0.0700000002980232 0.0442600026726723 0.0439999997615814 0.0614200010895729 0.0439999997615814 0.0544000007212162 0.064800001680851 0.064800001680851
0.0588199980556965 0.0588199980556965 0.0700000002980232 0.0439999997615814 0.0684399977326393 0.054919995367527 0.0642800033092499 0.0463400036096573 0.0439999997615814 0.04763999953866 0.0497200004756451 0.0658399984240532 0.0700000002980232 0.0700000002980232 0.0611600019037724 0.064020000398159 0.0671400055289268 0.0629800036549568 0.0439999997615814 0.0608999952673912 0.0439999997615814 0.0439999997615814
0.0439999997615814 0.0439999997615814 0.0601200014352798 0.0700000002980232 0.0439999997615814 0.0658399984240532 0.069740004837513 0.0439999997615814 0.0510200038552284 0.0616800040006638 0.0658399984240532 0.0439999997615814 0.0439999997615814 0.067660003900528 0.0624599978327751 0.0694800019264221 0.066100001335144 0.0439999997615814 0.0619400031864643 0.0700000002980232 0.0546599961817265 0.0546599961817265
0.051280003041029 0.051280003041029 0.0700000002980232 0.0468599982559681 0.0442600026726723 0.0575199984014034 0.0445200018584728 0.0439999997615814 0.0479000061750412 0.0471199974417686 0.04763999953866 0.0489399991929531 0.0439999997615814 0.0471199974417686 0.0681800022721291 0.0694800019264221 0.067660003900528 0.0455600023269653 0.0653199926018715 0.0663600042462349 0.0452999956905842 0.0452999956905842
0.0700000002980232 0.0700000002980232 0.0700000002980232 0.0439999997615814 0.0523200035095215 0.0611600019037724 0.0533600002527237 0.0700000002980232 0.0439999997615814 0.0439999997615814 0.0572599992156029 0.0439999997615814 0.0439999997615814 0.0439999997615814 0.0700000002980232 0.0439999997615814 0.0700000002980232 0.0439999997615814 0.0494600012898445 0.0700000002980232 0.0700000002980232 0.0700000002980232
0.0700000002980232 0.0700000002980232 0.0700000002980232 0.0580400042235851 0.0645399987697601 0.0663600042462349 0.04763999953866 0.060639999806881 0.0700000002980232 0.0663600042462349 0.0663600042462349 0.0439999997615814 0.0687000006437302 0.0471199974417686 0.0460800044238567 0.0663600042462349 0.0582999996840954 0.069740004837513 0.0700000002980232 0.0471199974417686 0.04763999953866 0.04763999953866
