Input/input_p1/plot1_phi5.asc
ncols         22
nrows         62
xllcorner     0.00000000
yllcorner     0.00000000
cellsize      0.5
nodata_value  -9999
[rows 0 to 39 of 62, columns 0 to 21 of 22]
0.210969999432564 0.210969999432564 0.169689998030663 0.0910000056028366 0.0987399965524673 0.219999998807907 0.0910000056028366 0.146470010280609 0.204520002007484 0.124540001153946 0.0987399965524673 0.0987399965524673 0.0910000056028366 0.0910000056028366 0.0910000056028366 0.0910000056028366 0.10648000985384 0.09358000010252 0.124540001153946 0.192910000681877 0.210969999432564 0.210969999432564
0.210969999432564 0.210969999432564 0.169689998030663 0.0910000056028366 0.0987399965524673 0.219999998807907 0.0910000056028366 0.146470010280609 0.204520002007484 0.124540001153946 0.0987399965524673 0.0987399965524673 0.0910000056028366 0.0910000056028366 0.0910000056028366 0.0910000056028366 0.10648000985384 0.09358000010252 0.124540001153946 0.192910000681877 0.210969999432564 0.210969999432564
0.190329983830452 0.190329983830452 0.0910000056028366 0.0910000056028366 0.101320005953312 0.205809995532036 0.121959999203682 0.190329983830452 0.128409996628761 0.123250007629395 0.168400004506111 0.168400004506111 0.219999998807907 0.128409996628761 0.0910000056028366 0.0910000056028366 0.0910000056028366 0.119379997253418 0.20194000005722 0.0910000056028366 0.0910000056028366 0.0910000056028366
0.0910000056028366 0.0910000056028366 0.219999998807907 0.105190001428127 0.219999998807907 0.138730004429817 0.09358000010252 0.128409996628761 0.096160002052784 0.132280007004738 0.0910000056028366 0.0910000056028366 0.0910000056028366 0.0910000056028366 0.198070004582405 0.0922900140285492 0.110350005328655 0.0910000056028366 0.125829994678497 0.189039990305901 0.154210016131401 0.154210016131401
0.119379997253418 0.119379997253418 0.216130003333092 0.219999998807907 0.196779996156693 0.219999998807907 0.195490002632141 0.176140010356903 0.207099989056587 0.203229993581772 0.0910000056028366 0.0910000056028366 0.195490002632141 0.185170024633408 0.101320005953312 0.0910000056028366 0.0910000056028366 0.0910000056028366 0.210969999432564 0.219999998807907 0.0910000056028366 0.0910000056028366
0.178719997406006 0.178719997406006 0.141310006380081 0.219999998807907 0.0910000056028366 0.178719997406006 0.217420011758804 0.178719997406006 0.0910000056028366 0.150340005755425 0.158079996705055 0.0910000056028366 0.105190001428127 0.096160002052784 0.0910000056028366 0.219999998807907 0.0910000056028366 0.09358000010252 0.116800002753735 0.0910000056028366 0.185170024633408 0.185170024633408
0.169689998030663 0.169689998030663 0.219999998807907 0.132280007004738 0.218710005283356 0.209680005908012 0.219999998807907 0.0910000056028366 0.204520002007484 0.125829994678497 0.174849987030029 0.195490002632141 0.170979991555214 0.0910000056028366 0.0910000056028366 0.217420011758804 0.147760003805161 0.0922900140285492 0.0910000056028366 0.0910000056028366 0.105190001428127 0.105190001428127
0.103900000452995 0.103900000452995 0.137439996004105 0.189039990305901 0.0974500104784966 0.173560008406639 0.172269999980927 0.118090003728867 0.137439996004105 0.118090003728867 0.219999998807907 0.137439996004105 0.0910000056028366 0.219999998807907 0.118090003728867 0.217420011758804 0.152919992804527 0.094870001077652 0.191620007157326 0.196779996156693 0.0910000056028366 0.0910000056028366
0.138730004429817 0.138730004429817 0.219999998807907 0.101320005953312 0.195490002632141 0.158079996705055 0.219999998807907 0.210969999432564 0.10648000985384 0.0910000056028366 0.103900000452995 0.132280007004738 0.096160002052784 0.10648000985384 0.213550001382828 0.204520002007484 0.158079996705055 0.115510009229183 0.140019997954369 0.114220008254051 0.216130003333092 0.216130003333092
0.0910000056028366 0.0910000056028366 0.164530009031296 0.121959999203682 0.137439996004105 0.128409996628761 0.219999998807907 0.124540001153946 0.159370005130768 0.141310006380081 0.0910000056028366 0.129700005054474 0.150340005755425 0.176140010356903 0.165819987654686 0.218710005283356 0.141310006380081 0.147760003805161 0.169689998030663 0.210969999432564 0.0910000056028366 0.0910000056028366
0.216130003333092 0.216130003333092 0.114220008254051 0.0910000056028366 0.210969999432564 0.214839994907379 0.102609999477863 0.0910000056028366 0.195490002632141 0.0910000056028366 0.181299984455109 0.10003000497818 0.212259992957115 0.0922900140285492 0.096160002052784 0.208390012383461 0.0910000056028366 0.110350005328655 0.208390012383461 0.187749996781349 0.0910000056028366 0.0910000056028366
0.111639998853207 0.111639998853207 0.165819987654686 0.0910000056028366 0.094870001077652 0.0910000056028366 0.163240000605583 0.0910000056028366 0.219999998807907 0.145180001854897 0.149049997329712 0.219999998807907 0.169689998030663 0.213550001382828 0.219999998807907 0.218710005283356 0.194199994206429 0.151629999279976 0.140019997954369 0.219999998807907 0.219999998807907 0.219999998807907
0.124540001153946 0.124540001153946 0.212259992957115 0.219999998807907 0.219999998807907 0.154210016131401 0.0987399965524673 0.219999998807907 0.0910000056028366 0.219999998807907 0.218710005283356 0.190329983830452 0.219999998807907 0.219999998807907 0.0987399965524673 0.101320005953312 0.216130003333092 0.0987399965524673 0.0910000056028366 0.0974500104784966 0.0987399965524673 0.0987399965524673
0.177430003881454 0.177430003881454 0.102609999477863 0.112929999828339 0.150340005755425 0.0910000056028366 0.219999998807907 0.180009990930557 0.204520002007484 0.200650006532669 0.119379997253418 0.160659998655319 0.132280007004738 0.159370005130768 0.154210016131401 0.09358000010252 0.155499994754791 0.165819987654686 0.160659998655319 0.160659998655319 0.177430003881454 0.177430003881454
0.185170024633408 0.185170024633408 0.112929999828339 0.217420011758804 0.219999998807907 0.218710005283356 0.219999998807907 0.09358000010252 0.0910000056028366 0.0910000056028366 0.189039990305901 0.119379997253418 0.178719997406006 0.109060004353523 0.219999998807907 0.09358000010252 0.152919992804527 0.0910000056028366 0.218710005283356 0.194199994206429 0.217420011758804 0.217420011758804
0.219999998807907 0.219999998807907 0.102609999477863 0.178719997406006 0.159370005130768 0.155499994754791 0.219999998807907 0.119379997253418 0.212259992957115 0.154210016131401 0.205809995532036 0.156789988279343 0.177430003881454 0.0987399965524673 0.145180001854897 0.156789988279343 0.156789988279343 0.154210016131401 0.219999998807907 0.143889993429184 0.20194000005722 0.20194000005722
0.0922900140285492 0.0922900140285492 0.198070004582405 0.0922900140285492 0.219999998807907 0.158079996705055 0.219999998807907 0.145180001854897 0.218710005283356 0.219999998807907 0.219999998807907 0.0910000056028366 0.0922900140285492 0.0910000056028366 0.219999998807907 0.0910000056028366 0.159370005130768 0.0910000056028366 0.170979991555214 0.112929999828339 0.219999998807907 0.219999998807907
0.176140010356903 0.176140010356903 0.219999998807907 0.219999998807907 0.219999998807907 0.123250007629395 0.219999998807907 0.116800002753735 0.219999998807907 0.219999998807907 0.219999998807907 0.119379997253418 0.178719997406006 0.10648000985384 0.0910000056028366 0.217420011758804 0.155499994754791 0.152919992804527 0.194199994206429 0.158079996705055 0.219999998807907 0.219999998807907
0.219999998807907 0.219999998807907 0.198070004582405 0.140019997954369 0.219999998807907 0.217420011758804 0.219999998807907 0.219999998807907 0.10648000985384 0.219999998807907 0.124540001153946 0.124540001153946 0.132280007004738 0.10648000985384 0.145180001854897 0.0910000056028366 0.160659998655319 0.214839994907379 0.217420011758804 0.0910000056028366 0.094870001077652 0.094870001077652
0.147760003805161 0.147760003805161 0.219999998807907 0.140019997954369 0.219999998807907 0.192910000681877 0.219999998807907 0.219999998807907 0.0910000056028366 0.219999998807907 0.219999998807907 0.107770003378391 0.219999998807907 0.210969999432564 0.219999998807907 0.164530009031296 0.219999998807907 0.216130003333092 0.12712000310421 0.0910000056028366 0.219999998807907 0.219999998807907
0.183880001306534 0.183880001306534 0.199359983205795 0.219999998807907 0.101320005953312 0.219999998807907 0.219999998807907 0.216130003333092 0.210969999432564 0.219999998807907 0.219999998807907 0.09358000010252 0.170979991555214 0.195490002632141 0.145180001854897 0.219999998807907 0.101320005953312 0.0910000056028366 0.219999998807907 0.219999998807907 0.219999998807907 0.219999998807907
0.219999998807907 0.219999998807907 0.114220008254051 0.152919992804527 0.145180001854897 0.143889993429184 0.145180001854897 0.143889993429184 0.173560008406639 0.195490002632141 0.208390012383461 0.119379997253418 0.203229993581772 0.16711001098156 0.0910000056028366 0.0922900140285492 0.180009990930557 0.101320005953312 0.172269999980927 0.219999998807907 0.181299984455109 0.181299984455109
0.0910000056028366 0.0910000056028366 0.114220008254051 0.142599999904633 0.210969999432564 0.213550001382828 0.105190001428127 0.0910000056028366 0.205809995532036 0.205809995532036 0.219999998807907 0.0910000056028366 0.096160002052784 0.205809995532036 0.0910000056028366 0.203229993581772 0.159370005130768 0.205809995532036 0.177430003881454 0.09358000010252 0.174849987030029 0.174849987030029
0.149049997329712 0.149049997329712 0.210969999432564 0.219999998807907 0.145180001854897 0.158079996705055 0.09358000010252 0.191620007157326 0.0910000056028366 0.145180001854897 0.158079996705055 0.170979991555214 0.0910000056028366 0.0910000056028366 0.119379997253418 0.0910000056028366 0.158079996705055 0.174849987030029 0.169689998030663 0.219999998807907 0.161949992179871 0.161949992179871
0.219999998807907 0.219999998807907 0.219999998807907 0.170979991555214 0.101320005953312 0.143889993429184 0.0910000056028366 0.154210016131401 0.0910000056028366 0.172269999980927 0.0910000056028366 0.0910000056028366 0.103900000452995 0.10648000985384 0.149049997329712 0.20194000005722 0.16711001098156 0.219999998807907 0.132280007004738 0.196779996156693 0.121959999203682 0.121959999203682
0.158079996705055 0.158079996705055 0.219999998807907 0.0910000056028366 0.213550001382828 0.176140010356903 0.173560008406639 0.116800002753735 0.0910000056028366 0.163240000605583 0.119379997253418 0.110350005328655 0.147760003805161 0.214839994907379 0.0910000056028366 0.0910000056028366 0.219999998807907 0.138730004429817 0.192910000681877 0.12712000310421 0.134859994053841 0.134859994053841
0.107770003378391 0.107770003378391 0.219999998807907 0.165819987654686 0.0922900140285492 0.219999998807907 0.198070004582405 0.159370005130768 0.110350005328655 0.178719997406006 0.0910000056028366 0.109060004353523 0.141310006380081 0.219999998807907 0.10003000497818 0.198070004582405 0.219999998807907 0.199359983205795 0.219999998807907 0.196779996156693 0.190329983830452 0.190329983830452
0.219999998807907 0.219999998807907 0.146470010280609 0.140019997954369 0.101320005953312 0.219999998807907 0.09358000010252 0.168400004506111 0.208390012383461 0.178719997406006 0.0910000056028366 0.219999998807907 0.151629999279976 0.0910000056028366 0.196779996156693 0.0910000056028366 0.180009990930557 0.176140010356903 0.170979991555214 0.130990013480186 0.195490002632141 0.195490002632141
0.219999998807907 0.219999998807907 0.0910000056028366 0.219999998807907 0.212259992957115 0.165819987654686 0.119379997253418 0.134859994053841 0.216130003333092 0.151629999279976 0.196779996156693 0.213550001382828 0.219999998807907 0.196779996156693 0.0910000056028366 0.0910000056028366 0.0910000056028366 0.192910000681877 0.154210016131401 0.174849987030029 0.191620007157326 0.191620007157326
0.0910000056028366 0.0910000056028366 0.120669990777969 0.0910000056028366 0.219999998807907 0.12712000310421 0.217420011758804 0.180009990930557 0.172269999980927 0.0910000056028366 0.118090003728867 0.118090003728867 0.189039990305901 0.208390012383461 0.199359983205795 0.219999998807907 0.154210016131401 0.219999998807907 0.103900000452995 0.0910000056028366 0.219999998807907 0.219999998807907
0.219999998807907 0.219999998807907 0.0910000056028366 0.183880001306534 0.121959999203682 0.107770003378391 0.219999998807907 0.145180001854897 0.121959999203682 0.219999998807907 0.115510009229183 0.190329983830452 0.156789988279343 0.176140010356903 0.189039990305901 0.219999998807907 0.152919992804527 0.219999998807907 0.159370005130768 0.194199994206429 0.219999998807907 0.219999998807907
0.219999998807907 0.219999998807907 0.114220008254051 0.219999998807907 0.219999998807907 0.219999998807907 0.219999998807907 0.147760003805161 0.219999998807907 0.219999998807907 0.219999998807907 0.219999998807907 0.209680005908012 0.189039990305901 0.0910000056028366 0.219999998807907 0.219999998807907 0.181299984455109 0.183880001306534 0.114220008254051 0.192910000681877 0.192910000681877
0.101320005953312 0.101320005953312 0.114220008254051 0.219999998807907 0.0974500104784966 0.176140010356903 0.09358000010252 0.145180001854897 0.189039990305901 0.156789988279343 0.219999998807907 0.219999998807907 0.121959999203682 0.189039990305901 0.0910000056028366 0.218710005283356 0.219999998807907 0.133570000529289 0.219999998807907 0.168400004506111 0.116800002753735 0.116800002753735
0.146470010280609 0.146470010280609 0.0910000056028366 0.219999998807907 0.0987399965524673 0.165819987654686 0.119379997253418 0.208390012383461 0.219999998807907 0.20194000005722 0.191620007157326 0.111639998853207 0.0910000056028366 0.0910000056028366 0.134859994053841 0.120669990777969 0.105190001428127 0.125829994678497 0.219999998807907 0.136150002479553 0.219999998807907 0.219999998807907
0.219999998807907 0.219999998807907 0.140019997954369 0.0910000056028366 0.219999998807907 0.111639998853207 0.0922900140285492 0.219999998807907 0.185170024633408 0.132280007004738 0.111639998853207 0.219999998807907 0.219999998807907 0.102609999477863 0.128409996628761 0.09358000010252 0.110350005328655 0.219999998807907 0.130990013480186 0.0910000056028366 0.16711001098156 0.16711001098156
0.183880001306534 0.183880001306534 0.0910000056028366 0.205809995532036 0.218710005283356 0.152919992804527 0.217420011758804 0.219999998807907 0.200650006532669 0.204520002007484 0.20194000005722 0.195490002632141 0.219999998807907 0.204520002007484 0.10003000497818 0.09358000010252 0.102609999477863 0.212259992957115 0.114220008254051 0.109060004353523 0.213550001382828 0.213550001382828
0.0910000056028366 0.0910000056028366 0.0910000056028366 0.219999998807907 0.178719997406006 0.134859994053841 0.173560008406639 0.0910000056028366 0.219999998807907 0.219999998807907 0.154210016131401 0.219999998807907 0.219999998807907 0.219999998807907 0.0910000056028366 0.219999998807907 0.0910000056028366 0.219999998807907 0.192910000681877 0.0910000056028366 0.0910000056028366 0.0910000056028366
0.0910000056028366 0.0910000056028366 0.0910000056028366 0.150340005755425 0.118090003728867 0.109060004353523 0.20194000005722 0.137439996004105 0.0910000056028366 0.109060004353523 0.109060004353523 0.219999998807907 0.0974500104784966 0.204520002007484 0.209680005908012 0.109060004353523 0.149049997329712 0.0922900140285492 0.0910000056028366 0.204520002007484 0.20194000005722 0.20194000005722
0.112929999828339 0.112929999828339 0.210969999432564 0.109060004353523 0.101320005953312 0.219999998807907 0.219999998807907 0.140019997954369 0.219999998807907 0.187749996781349 0.219999998807907 0.170979991555214 0.219999998807907 0.161949992179871 0.0910000056028366 0.140019997954369 0.114220008254051 0.170979991555214 0.141310006380081 0.170979991555214 0.185170024633408 0.185170024633408
0.183880001306534 0.183880001306534 0.186460003256798 0.096160002052784 0.219999998807907 0.219999998807907 0.217420011758804 0.154210016131401 0.0910000056028366 0.105190001428127 0.119379997253418 0.205809995532036 0.182589992880821 0.119379997253418 0.170979991555214 0.219999998807907 0.0910000056028366 0.10003000497818 0.140019997954369 0.111639998853207 0.216130003333092 0.216130003333092
