Input/input_p1/plot1_phi3.asc
ncols         22
nrows         62
xllcorner     0.00000000
yllcorner     0.00000000
cellsize      0.5
nodata_value  -9999
[rows 0 to 37 of 62, columns 0 to 21 of 22]
0.0164700001478195 0.0164700001478195 0.0231899991631508 0.0359999984502792 0.0347399972379208 0.0149999996647239 0.0359999984502792 0.0269699972122908 0.0175199992954731 0.0305399987846613 0.0347399972379208 0.0347399972379208 0.0359999984502792 0.0359999984502792 0.0359999984502792 0.0359999984502792 0.0334799997508526 0.0355799980461597 0.0305399987846613 0.0194099992513657 0.0164700001478195 0.0164700001478195
0.0164700001478195 0.0164700001478195 0.0231899991631508 0.0359999984502792 0.0347399972379208 0.0149999996647239 0.0359999984502792 0.0269699972122908 0.0175199992954731 0.0305399987846613 0.0347399972379208 0.0347399972379208 0.0359999984502792 0.0359999984502792 0.0359999984502792 0.0359999984502792 0.0334799997508526 0.0355799980461597 0.0305399987846613 0.0194099992513657 0.0164700001478195 0.0164700001478195
0.0198299996554852 0.0198299996554852 0.0359999984502792 0.0359999984502792 0.0343200005590916 0.0173100009560585 0.0309599973261356 0.0198299996554852 0.0299099963158369 0.030749998986721 0.0233999993652105 0.0233999993652105 0.0149999996647239 0.0299099963158369 0.0359999984502792 0.0359999984502792 0.0359999984502792 0.0313799977302551 0.0179399996995926 0.0359999984502792 0.0359999984502792 0.0359999984502792
0.0359999984502792 0.0359999984502792 0.0149999996647239 0.0336899980902672 0.0149999996647239 0.0282300002872944 0.0355799980461597 0.0299099963158369 0.0351599976420403 0.029279999434948 0.0359999984502792 0.0359999984502792 0.0359999984502792 0.0359999984502792 0.0185700003057718 0.0357900001108646 0.0328499972820282 0.0359999984502792 0.0303300004452467 0.0200399998575449 0.0257100015878677 0.0257100015878677
0.0313799977302551 0.0313799977302551 0.0156300012022257 0.0149999996647239 0.0187800005078316 0.0149999996647239 0.0189899988472462 0.0221400000154972 0.0170999988913536 0.0177299994975328 0.0359999984502792 0.0359999984502792 0.0189899988472462 0.020669998601079 0.0343200005590916 0.0359999984502792 0.0359999984502792 0.0359999984502792 0.0164700001478195 0.0149999996647239 0.0359999984502792 0.0359999984502792
0.0217199996113777 0.0217199996113777 0.02781000174582 0.0149999996647239 0.0359999984502792 0.0217199996113777 0.0154200010001659 0.0217199996113777 0.0359999984502792 0.0263400003314018 0.0250799991190434 0.0359999984502792 0.0336899980902672 0.0351599976420403 0.0359999984502792 0.0149999996647239 0.0359999984502792 0.0355799980461597 0.0317999981343746 0.0359999984502792 0.020669998601079 0.020669998601079
0.0231899991631508 0.0231899991631508 0.0149999996647239 0.029279999434948 0.0152099998667836 0.0166800003498793 0.0149999996647239 0.0359999984502792 0.0175199992954731 0.0303300004452467 0.0223499983549118 0.0189899988472462 0.022979998961091 0.0359999984502792 0.0359999984502792 0.0154200010001659 0.0267600007355213 0.0357900001108646 0.0359999984502792 0.0359999984502792 0.0336899980902672 0.0336899980902672
0.0339000001549721 0.0339000001549721 0.028439998626709 0.0200399998575449 0.0349499993026257 0.0225600004196167 0.0227699987590313 0.03158999979496 0.028439998626709 0.03158999979496 0.0149999996647239 0.028439998626709 0.0359999984502792 0.0149999996647239 0.03158999979496 0.0154200010001659 0.0259199980646372 0.0353700034320354 0.0196199994534254 0.0187800005078316 0.0359999984502792 0.0359999984502792
0.0282300002872944 0.0282300002872944 0.0149999996647239 0.0343200005590916 0.0189899988472462 0.0250799991190434 0.0149999996647239 0.0164700001478195 0.0334799997508526 0.0359999984502792 0.0339000001549721 0.029279999434948 0.0351599976420403 0.0334799997508526 0.0160499997437 0.0175199992954731 0.0250799991190434 0.0320100001990795 0.0280199982225895 0.0322199985384941 0.0156300012022257 0.0156300012022257
0.0359999984502792 0.0359999984502792 0.0240299981087446 0.0309599973261356 0.028439998626709 0.0299099963158369 0.0149999996647239 0.0305399987846613 0.0248700007796288 0.02781000174582 0.0359999984502792 0.0296999998390675 0.0263400003314018 0.0221400000154972 0.02381999976933 0.0152099998667836 0.02781000174582 0.0267600007355213 0.0231899991631508 0.0164700001478195 0.0359999984502792 0.0359999984502792
0.0156300012022257 0.0156300012022257 0.0322199985384941 0.0359999984502792 0.0164700001478195 0.0158399995416403 0.0341099984943867 0.0359999984502792 0.0189899988472462 0.0359999984502792 0.0213000010699034 0.0345299988985062 0.0162599999457598 0.0357900001108646 0.0351599976420403 0.016890000551939 0.0359999984502792 0.0328499972820282 0.016890000551939 0.0202500000596046 0.0359999984502792 0.0359999984502792
0.0326399989426136 0.0326399989426136 0.02381999976933 0.0359999984502792 0.0353700034320354 0.0359999984502792 0.0242400001734495 0.0359999984502792 0.0149999996647239 0.0271799992769957 0.0265500005334616 0.0149999996647239 0.0231899991631508 0.0160499997437 0.0149999996647239 0.0152099998667836 0.0192000009119511 0.0261299982666969 0.0280199982225895 0.0149999996647239 0.0149999996647239 0.0149999996647239
0.0305399987846613 0.0305399987846613 0.0162599999457598 0.0149999996647239 0.0149999996647239 0.0257100015878677 0.0347399972379208 0.0149999996647239 0.0359999984502792 0.0149999996647239 0.0152099998667836 0.0198299996554852 0.0149999996647239 0.0149999996647239 0.0347399972379208 0.0343200005590916 0.0156300012022257 0.0347399972379208 0.0359999984502792 0.0349499993026257 0.0347399972379208 0.0347399972379208
0.0219299979507923 0.0219299979507923 0.0341099984943867 0.032430000603199 0.0263400003314018 0.0359999984502792 0.0149999996647239 0.021509999409318 0.0175199992954731 0.0181499999016523 0.0313799977302551 0.024660000577569 0.029279999434948 0.0248700007796288 0.0257100015878677 0.0355799980461597 0.0254999995231628 0.02381999976933 0.024660000577569 0.024660000577569 0.0219299979507923 0.0219299979507923
0.020669998601079 0.020669998601079 0.032430000603199 0.0154200010001659 0.0149999996647239 0.0152099998667836 0.0149999996647239 0.0355799980461597 0.0359999984502792 0.0359999984502792 0.0200399998575449 0.0313799977302551 0.0217199996113777 0.0330599993467331 0.0149999996647239 0.0355799980461597 0.0259199980646372 0.0359999984502792 0.0152099998667836 0.0192000009119511 0.0154200010001659 0.0154200010001659
0.0149999996647239 0.0149999996647239 0.0341099984943867 0.0217199996113777 0.0248700007796288 0.0254999995231628 0.0149999996647239 0.0313799977302551 0.0162599999457598 0.0257100015878677 0.0173100009560585 0.0252899974584579 0.0219299979507923 0.0347399972379208 0.0271799992769957 0.0252899974584579 0.0252899974584579 0.0257100015878677 0.0149999996647239 0.0273899976164103 0.0179399996995926 0.0179399996995926
0.0357900001108646 0.0357900001108646 0.0185700003057718 0.0357900001108646 0.0149999996647239 0.0250799991190434 0.0149999996647239 0.0271799992769957 0.0152099998667836 0.0149999996647239 0.0149999996647239 0.0359999984502792 0.0357900001108646 0.0359999984502792 0.0149999996647239 0.0359999984502792 0.0248700007796288 0.0359999984502792 0.022979998961091 0.032430000603199 0.0149999996647239 0.0149999996647239
0.0221400000154972 0.0221400000154972 0.0149999996647239 0.0149999996647239 0.0149999996647239 0.030749998986721 0.0149999996647239 0.0317999981343746 0.0149999996647239 0.0149999996647239 0.0149999996647239 0.0313799977302551 0.0217199996113777 0.0334799997508526 0.0359999984502792 0.0154200010001659 0.0254999995231628 0.0259199980646372 0.0192000009119511 0.0250799991190434 0.0149999996647239 0.0149999996647239
0.0149999996647239 0.0149999996647239 0.0185700003057718 0.0280199982225895 0.0149999996647239 0.0154200010001659 0.0149999996647239 0.0149999996647239 0.0334799997508526 0.0149999996647239 0.0305399987846613 0.0305399987846613 0.029279999434948 0.0334799997508526 0.0271799992769957 0.0359999984502792 0.024660000577569 0.0158399995416403 0.0154200010001659 0.0359999984502792 0.0353700034320354 0.0353700034320354
0.0267600007355213 0.0267600007355213 0.0149999996647239 0.0280199982225895 0.0149999996647239 0.0194099992513657 0.0149999996647239 0.0149999996647239 0.0359999984502792 0.0149999996647239 0.0149999996647239 0.0332699976861477 0.0149999996647239 0.0164700001478195 0.0149999996647239 0.0240299981087446 0.0149999996647239 0.0156300012022257 0.030120000243187 0.0359999984502792 0.0149999996647239 0.0149999996647239
0.0208800006657839 0.0208800006657839 0.0183600001037121 0.0149999996647239 0.0343200005590916 0.0149999996647239 0.0149999996647239 0.0156300012022257 0.0164700001478195 0.0149999996647239 0.0149999996647239 0.0355799980461597 0.022979998961091 0.0189899988472462 0.0271799992769957 0.0149999996647239 0.0343200005590916 0.0359999984502792 0.0149999996647239 0.0149999996647239 0.0149999996647239 0.0149999996647239
0.0149999996647239 0.0149999996647239 0.0322199985384941 0.0259199980646372 0.0271799992769957 0.0273899976164103 0.0271799992769957 0.0273899976164103 0.0225600004196167 0.0189899988472462 0.016890000551939 0.0313799977302551 0.0177299994975328 0.0236100014299154 0.0359999984502792 0.0357900001108646 0.021509999409318 0.0343200005590916 0.0227699987590313 0.0149999996647239 0.0213000010699034 0.0213000010699034
0.0359999984502792 0.0359999984502792 0.0322199985384941 0.0276000015437603 0.0164700001478195 0.0160499997437 0.0336899980902672 0.0359999984502792 0.0173100009560585 0.0173100009560585 0.0149999996647239 0.0359999984502792 0.0351599976420403 0.0173100009560585 0.0359999984502792 0.0177299994975328 0.0248700007796288 0.0173100009560585 0.0219299979507923 0.0355799980461597 0.0223499983549118 0.0223499983549118
0.0265500005334616 0.0265500005334616 0.0164700001478195 0.0149999996647239 0.0271799992769957 0.0250799991190434 0.0355799980461597 0.0196199994534254 0.0359999984502792 0.0271799992769957 0.0250799991190434 0.022979998961091 0.0359999984502792 0.0359999984502792 0.0313799977302551 0.0359999984502792 0.0250799991190434 0.0223499983549118 0.0231899991631508 0.0149999996647239 0.0244499985128641 0.0244499985128641
0.0149999996647239 0.0149999996647239 0.0149999996647239 0.022979998961091 0.0343200005590916 0.0273899976164103 0.0359999984502792 0.0257100015878677 0.0359999984502792 0.0227699987590313 0.0359999984502792 0.0359999984502792 0.0339000001549721 0.0334799997508526 0.0265500005334616 0.0179399996995926 0.0236100014299154 0.0149999996647239 0.029279999434948 0.0187800005078316 0.0309599973261356 0.0309599973261356
0.0250799991190434 0.0250799991190434 0.0149999996647239 0.0359999984502792 0.0160499997437 0.0221400000154972 0.0225600004196167 0.0317999981343746 0.0359999984502792 0.0242400001734495 0.0313799977302551 0.0328499972820282 0.0267600007355213 0.0158399995416403 0.0359999984502792 0.0359999984502792 0.0149999996647239 0.0282300002872944 0.0194099992513657 0.030120000243187 0.0288599990308285 0.0288599990308285
0.0332699976861477 0.0332699976861477 0.0149999996647239 0.02381999976933 0.0357900001108646 0.0149999996647239 0.0185700003057718 0.0248700007796288 0.0328499972820282 0.0217199996113777 0.0359999984502792 0.0330599993467331 0.02781000174582 0.0149999996647239 0.0345299988985062 0.0185700003057718 0.0149999996647239 0.0183600001037121 0.0149999996647239 0.0187800005078316 0.0198299996554852 0.0198299996554852
0.0149999996647239 0.0149999996647239 0.0269699972122908 0.0280199982225895 0.0343200005590916 0.0149999996647239 0.0355799980461597 0.0233999993652105 0.016890000551939 0.0217199996113777 0.0359999984502792 0.0149999996647239 0.0261299982666969 0.0359999984502792 0.0187800005078316 0.0359999984502792 0.021509999409318 0.0221400000154972 0.022979998961091 0.0294899996370077 0.0189899988472462 0.0189899988472462
0.0149999996647239 0.0149999996647239 0.0359999984502792 0.0149999996647239 0.0162599999457598 0.02381999976933 0.0313799977302551 0.0288599990308285 0.0156300012022257 0.0261299982666969 0.0187800005078316 0.0160499997437 0.0149999996647239 0.0187800005078316 0.0359999984502792 0.0359999984502792 0.0359999984502792 0.0194099992513657 0.0257100015878677 0.0223499983549118 0.0196199994534254 0.0196199994534254
0.0359999984502792 0.0359999984502792 0.0311699993908405 0.0359999984502792 0.0149999996647239 0.030120000243187 0.0154200010001659 0.021509999409318 0.0227699987590313 0.0359999984502792 0.03158999979496 0.03158999979496 0.0200399998575449 0.016890000551939 0.0183600001037121 0.0149999996647239 0.0257100015878677 0.0149999996647239 0.0339000001549721 0.0359999984502792 0.0149999996647239 0.0149999996647239
0.0149999996647239 0.0149999996647239 0.0359999984502792 0.0208800006657839 0.0309599973261356 0.0332699976861477 0.0149999996647239 0.0271799992769957 0.0309599973261356 0.0149999996647239 0.0320100001990795 0.0198299996554852 0.0252899974584579 0.0221400000154972 0.0200399998575449 0.0149999996647239 0.0259199980646372 0.0149999996647239 0.0248700007796288 0.0192000009119511 0.0149999996647239 0.0149999996647239
0.0149999996647239 0.0149999996647239 0.0322199985384941 0.0149999996647239 0.0149999996647239 0.0149999996647239 0.0149999996647239 0.0267600007355213 0.0149999996647239 0.0149999996647239 0.0149999996647239 0.0149999996647239 0.0166800003498793 0.0200399998575449 0.0359999984502792 0.0149999996647239 0.0149999996647239 0.0213000010699034 0.0208800006657839 0.0322199985384941 0.0194099992513657 0.0194099992513657
0.0343200005590916 0.0343200005590916 0.0322199985384941 0.0149999996647239 0.0349499993026257 0.0221400000154972 0.0355799980461597 0.0271799992769957 0.0200399998575449 0.0252899974584579 0.0149999996647239 0.0149999996647239 0.0309599973261356 0.0200399998575449 0.0359999984502792 0.0152099998667836 0.0149999996647239 0.0290700010955334 0.0149999996647239 0.0233999993652105 0.0317999981343746 0.0317999981343746
0.0269699972122908 0.0269699972122908 0.0359999984502792 0.0149999996647239 0.0347399972379208 0.02381999976933 0.0313799977302551 0.016890000551939 0.0149999996647239 0.0179399996995926 0.0196199994534254 0.0326399989426136 0.0359999984502792 0.0359999984502792 0.0288599990308285 0.0311699993908405 0.0336899980902672 0.0303300004452467 0.0149999996647239 0.0286499969661236 0.0149999996647239 0.0149999996647239
0.0149999996647239 0.0149999996647239 0.0280199982225895 0.0359999984502792 0.0149999996647239 0.0326399989426136 0.0357900001108646 0.0149999996647239 0.020669998601079 0.029279999434948 0.0326399989426136 0.0149999996647239 0.0149999996647239 0.0341099984943867 0.0299099963158369 0.0355799980461597 0.0328499972820282 0.0149999996647239 0.0294899996370077 0.0359999984502792 0.0236100014299154 0.0236100014299154
0.0208800006657839 0.0208800006657839 0.0359999984502792 0.0173100009560585 0.0152099998667836 0.0259199980646372 0.0154200010001659 0.0149999996647239 0.0181499999016523 0.0175199992954731 0.0179399996995926 0.0189899988472462 0.0149999996647239 0.0175199992954731 0.0345299988985062 0.0355799980461597 0.0341099984943867 0.0162599999457598 0.0322199985384941 0.0330599993467331 0.0160499997437 0.0160499997437
0.0359999984502792 0.0359999984502792 0.0359999984502792 0.0149999996647239 0.0217199996113777 0.0288599990308285 0.0225600004196167 0.0359999984502792 0.0149999996647239 0.0149999996647239 0.0257100015878677 0.0149999996647239 0.0149999996647239 0.0149999996647239 0.0359999984502792 0.0149999996647239 0.0359999984502792 0.0149999996647239 0.0194099992513657 0.0359999984502792 0.0359999984502792 0.0359999984502792
0.0359999984502792 0.0359999984502792 0.0359999984502792 0.0263400003314018 0.03158999979496 0.0330599993467331 0.0179399996995926 0.028439998626709 0.0359999984502792 0.0330599993467331 0.0330599993467331 0.0149999996647239 0.0349499993026257 0.0175199992954731 0.0166800003498793 0.0330599993467331 0.0265500005334616 0.0357900001108646 0.0359999984502792 0.0175199992954731 0.0179399996995926 0.0179399996995926
