Input/input_p1/plot1_phi6.asc
ncols         22
nrows         62
xllcorner     0.00000000
yllcorner     0.00000000
cellsize      0.5
nodata_value  -9999
[rows 0 to 38 of 62, columns 0 to 21 of 22]
0.166109994053841 0.166109994053841 0.125469997525215 0.0480000004172325 0.0556200034916401 0.174999997019768 0.0480000004172325 0.102609999477863 0.159759998321533 0.0810200050473213 0.0556200034916401 0.0556200034916401 0.0480000004172325 0.0480000004172325 0.0480000004172325 0.0480000004172325 0.0632399991154671 0.0505400039255619 0.0810200050473213 0.148330017924309 0.166109994053841 0.166109994053841
0.166109994053841 0.166109994053841 0.125469997525215 0.0480000004172325 0.0556200034916401 0.174999997019768 0.0480000004172325 0.102609999477863 0.159759998321533 0.0810200050473213 0.0556200034916401 0.0556200034916401 0.0480000004172325 0.0480000004172325 0.0480000004172325 0.0480000004172325 0.0632399991154671 0.0505400039255619 0.0810200050473213 0.148330017924309 0.166109994053841 0.166109994053841
0.145789995789528 0.145789995789528 0.0480000004172325 0.0480000004172325 0.0581600032746792 0.161030009388924 0.0784799978137016 0.145789995789528 0.0848300009965897 0.0797500014305115 0.124200001358986 0.124200001358986 0.174999997019768 0.0848300009965897 0.0480000004172325 0.0480000004172325 0.0480000004172325 0.0759399980306625 0.157220005989075 0.0480000004172325 0.0480000004172325 0.0480000004172325
0.0480000004172325 0.0480000004172325 0.174999997019768 0.0619700066745281 0.174999997019768 0.0949900075793266 0.0505400039255619 0.0848300009965897 0.0530799999833107 0.0886400043964386 0.0480000004172325 0.0480000004172325 0.0480000004172325 0.0480000004172325 0.153410002589226 0.0492700040340424 0.067050002515316 0.0480000004172325 0.0822900012135506 0.144519999623299 0.110229998826981 0.110229998826981
0.0759399980306625 0.0759399980306625 0.171189993619919 0.174999997019768 0.152139991521835 0.174999997019768 0.150869995355606 0.131820008158684 0.162299990653992 0.158490002155304 0.0480000004172325 0.0480000004172325 0.150869995355606 0.140710011124611 0.0581600032746792 0.0480000004172325 0.0480000004172325 0.0480000004172325 0.166109994053841 0.174999997019768 0.0480000004172325 0.0480000004172325
0.134360015392303 0.134360015392303 0.0975299999117851 0.174999997019768 0.0480000004172325 0.134360015392303 0.172460004687309 0.134360015392303 0.0480000004172325 0.106420002877712 0.114039994776249 0.0480000004172325 0.0619700066745281 0.0530799999833107 0.0480000004172325 0.174999997019768 0.0480000004172325 0.0505400039255619 0.0733999982476234 0.0480000004172325 0.140710011124611 0.140710011124611
0.125469997525215 0.125469997525215 0.174999997019768 0.0886400043964386 0.1737300157547 0.164840012788773 0.174999997019768 0.0480000004172325 0.159759998321533 0.0822900012135506 0.130549997091293 0.150869995355606 0.126740008592606 0.0480000004172325 0.0480000004172325 0.172460004687309 0.103880003094673 0.0492700040340424 0.0480000004172325 0.0480000004172325 0.0619700066745281 0.0619700066745281
0.0607000030577183 0.0607000030577183 0.0937199965119362 0.144519999623299 0.0543499998748302 0.129280000925064 0.128009989857674 0.0746700018644333 0.0937199965119362 0.0746700018644333 0.174999997019768 0.0937199965119362 0.0480000004172325 0.174999997019768 0.0746700018644333 0.172460004687309 0.108960002660751 0.0518100038170815 0.147059991955757 0.152139991521835 0.0480000004172325 0.0480000004172325
0.0949900075793266 0.0949900075793266 0.174999997019768 0.0581600032746792 0.150869995355606 0.114039994776249 0.174999997019768 0.166109994053841 0.0632399991154671 0.0480000004172325 0.0607000030577183 0.0886400043964386 0.0530799999833107 0.0632399991154671 0.16865000128746 0.159759998321533 0.114039994776249 0.0721300020813942 0.0962600037455559 0.0708600059151649 0.171189993619919 0.171189993619919
0.0480000004172325 0.0480000004172325 0.120389997959137 0.0784799978137016 0.0937199965119362 0.0848300009965897 0.174999997019768 0.0810200050473213 0.115309998393059 0.0975299999117851 0.0480000004172325 0.0861000046133995 0.106420002877712 0.131820008158684 0.121659994125366 0.1737300157547 0.0975299999117851 0.103880003094673 0.125469997525215 0.166109994053841 0.0480000004172325 0.0480000004172325
0.171189993619919 0.171189993619919 0.0708600059151649 0.0480000004172325 0.166109994053841 0.169919982552528 0.059430006891489 0.0480000004172325 0.150869995355606 0.0480000004172325 0.136900007724762 0.0568899996578693 0.167380005121231 0.0492700040340424 0.0530799999833107 0.163570001721382 0.0480000004172325 0.067050002515316 0.163570001721382 0.143250003457069 0.0480000004172325 0.0480000004172325
0.0683199986815453 0.0683199986815453 0.121659994125366 0.0480000004172325 0.0518100038170815 0.0480000004172325 0.119120009243488 0.0480000004172325 0.174999997019768 0.101339995861053 0.105150006711483 0.174999997019768 0.125469997525215 0.16865000128746 0.174999997019768 0.1737300157547 0.149599999189377 0.107689999043941 0.0962600037455559 0.174999997019768 0.174999997019768 0.174999997019768
0.0810200050473213 0.0810200050473213 0.167380005121231 0.174999997019768 0.174999997019768 0.110229998826981 0.0556200034916401 0.174999997019768 0.0480000004172325 0.174999997019768 0.1737300157547 0.145789995789528 0.174999997019768 0.174999997019768 0.0556200034916401 0.0581600032746792 0.171189993619919 0.0556200034916401 0.0480000004172325 0.0543499998748302 0.0556200034916401 0.0556200034916401
0.133090004324913 0.133090004324913 0.059430006891489 0.0695900022983551 0.106420002877712 0.0480000004172325 0.174999997019768 0.135629996657372 0.159759998321533 0.155950009822845 0.0759399980306625 0.116580009460449 0.0886400043964386 0.115309998393059 0.110229998826981 0.0505400039255619 0.11149999499321 0.121659994125366 0.116580009460449 0.116580009460449 0.133090004324913 0.133090004324913
0.140710011124611 0.140710011124611 0.0695900022983551 0.172460004687309 0.174999997019768 0.1737300157547 0.174999997019768 0.0505400039255619 0.0480000004172325 0.0480000004172325 0.144519999623299 0.0759399980306625 0.134360015392303 0.0657799988985062 0.174999997019768 0.0505400039255619 0.108960002660751 0.0480000004172325 0.1737300157547 0.149599999189377 0.172460004687309 0.172460004687309
0.174999997019768 0.174999997019768 0.059430006891489 0.134360015392303 0.115309998393059 0.11149999499321 0.174999997019768 0.0759399980306625 0.167380005121231 0.110229998826981 0.161030009388924 0.1127700060606 0.133090004324913 0.0556200034916401 0.101339995861053 0.1127700060606 0.1127700060606 0.110229998826981 0.174999997019768 0.100069999694824 0.157220005989075 0.157220005989075
0.0492700040340424 0.0492700040340424 0.153410002589226 0.0492700040340424 0.174999997019768 0.114039994776249 0.174999997019768 0.101339995861053 0.1737300157547 0.174999997019768 0.174999997019768 0.0480000004172325 0.0492700040340424 0.0480000004172325 0.174999997019768 0.0480000004172325 0.115309998393059 0.0480000004172325 0.126740008592606 0.0695900022983551 0.174999997019768 0.174999997019768
0.131820008158684 0.131820008158684 0.174999997019768 0.174999997019768 0.174999997019768 0.0797500014305115 0.174999997019768 0.0733999982476234 0.174999997019768 0.174999997019768 0.174999997019768 0.0759399980306625 0.134360015392303 0.0632399991154671 0.0480000004172325 0.172460004687309 0.11149999499321 0.108960002660751 0.149599999189377 0.114039994776249 0.174999997019768 0.174999997019768
0.174999997019768 0.174999997019768 0.153410002589226 0.0962600037455559 0.174999997019768 0.172460004687309 0.174999997019768 0.174999997019768 0.0632399991154671 0.174999997019768 0.0810200050473213 0.0810200050473213 0.0886400043964386 0.0632399991154671 0.101339995861053 0.0480000004172325 0.116580009460449 0.169919982552528 0.172460004687309 0.0480000004172325 0.0518100038170815 0.0518100038170815
0.103880003094673 0.103880003094673 0.174999997019768 0.0962600037455559 0.174999997019768 0.148330017924309 0.174999997019768 0.174999997019768 0.0480000004172325 0.174999997019768 0.174999997019768 0.0645100027322769 0.174999997019768 0.166109994053841 0.174999997019768 0.120389997959137 0.174999997019768 0.171189993619919 0.083560012280941 0.0480000004172325 0.174999997019768 0.174999997019768
0.13944000005722 0.13944000005722 0.154679998755455 0.174999997019768 0.0581600032746792 0.174999997019768 0.174999997019768 0.171189993619919 0.166109994053841 0.174999997019768 0.174999997019768 0.0505400039255619 0.126740008592606 0.150869995355606 0.101339995861053 0.174999997019768 0.0581600032746792 0.0480000004172325 0.174999997019768 0.174999997019768 0.174999997019768 0.174999997019768
0.174999997019768 0.174999997019768 0.0708600059151649 0.108960002660751 0.101339995861053 0.100069999694824 0.101339995861053 0.100069999694824 0.129280000925064 0.150869995355606 0.163570001721382 0.0759399980306625 0.158490002155304 0.122930005192757 0.0480000004172325 0.0492700040340424 0.135629996657372 0.0581600032746792 0.128009989857674 0.174999997019768 0.136900007724762 0.136900007724762
0.0480000004172325 0.0480000004172325 0.0708600059151649 0.098800003528595 0.166109994053841 0.16865000128746 0.0619700066745281 0.0480000004172325 0.161030009388924 0.161030009388924 0.174999997019768 0.0480000004172325 0.0530799999833107 0.161030009388924 0.0480000004172325 0.158490002155304 0.115309998393059 0.161030009388924 0.133090004324913 0.0505400039255619 0.130549997091293 0.130549997091293
0.105150006711483 0.105150006711483 0.166109994053841 0.174999997019768 0.101339995861053 0.114039994776249 0.0505400039255619 0.147059991955757 0.0480000004172325 0.101339995861053 0.114039994776249 0.126740008592606 0.0480000004172325 0.0480000004172325 0.0759399980306625 0.0480000004172325 0.114039994776249 0.130549997091293 0.125469997525215 0.174999997019768 0.117849998176098 0.117849998176098
0.174999997019768 0.174999997019768 0.174999997019768 0.126740008592606 0.0581600032746792 0.100069999694824 0.0480000004172325 0.110229998826981 0.0480000004172325 0.128009989857674 0.0480000004172325 0.0480000004172325 0.0607000030577183 0.0632399991154671 0.105150006711483 0.157220005989075 0.122930005192757 0.174999997019768 0.0886400043964386 0.152139991521835 0.0784799978137016 0.0784799978137016
0.114039994776249 0.114039994776249 0.174999997019768 0.0480000004172325 0.16865000128746 0.131820008158684 0.129280000925064 0.0733999982476234 0.0480000004172325 0.119120009243488 0.0759399980306625 0.067050002515316 0.103880003094673 0.169919982552528 0.0480000004172325 0.0480000004172325 0.174999997019768 0.0949900075793266 0.148330017924309 0.083560012280941 0.0911799967288971 0.0911799967288971
0.0645100027322769 0.0645100027322769 0.174999997019768 0.121659994125366 0.0492700040340424 0.174999997019768 0.153410002589226 0.115309998393059 0.067050002515316 0.134360015392303 0.0480000004172325 0.0657799988985062 0.0975299999117851 0.174999997019768 0.0568899996578693 0.153410002589226 0.174999997019768 0.154679998755455 0.174999997019768 0.152139991521835 0.145789995789528 0.145789995789528
0.174999997019768 0.174999997019768 0.102609999477863 0.0962600037455559 0.0581600032746792 0.174999997019768 0.0505400039255619 0.124200001358986 0.163570001721382 0.134360015392303 0.0480000004172325 0.174999997019768 0.107689999043941 0.0480000004172325 0.152139991521835 0.0480000004172325 0.135629996657372 0.131820008158684 0.126740008592606 0.0873700082302094 0.150869995355606 0.150869995355606
0.174999997019768 0.174999997019768 0.0480000004172325 0.174999997019768 0.167380005121231 0.121659994125366 0.0759399980306625 0.0911799967288971 0.171189993619919 0.107689999043941 0.152139991521835 0.16865000128746 0.174999997019768 0.152139991521835 0.0480000004172325 0.0480000004172325 0.0480000004172325 0.148330017924309 0.110229998826981 0.130549997091293 0.147059991955757 0.147059991955757
0.0480000004172325 0.0480000004172325 0.0772100016474724 0.0480000004172325 0.174999997019768 0.083560012280941 0.172460004687309 0.135629996657372 0.128009989857674 0.0480000004172325 0.0746700018644333 0.0746700018644333 0.144519999623299 0.163570001721382 0.154679998755455 0.174999997019768 0.110229998826981 0.174999997019768 0.0607000030577183 0.0480000004172325 0.174999997019768 0.174999997019768
0.174999997019768 0.174999997019768 0.0480000004172325 0.13944000005722 0.0784799978137016 0.0645100027322769 0.174999997019768 0.101339995861053 0.0784799978137016 0.174999997019768 0.0721300020813942 0.145789995789528 0.1127700060606 0.131820008158684 0.144519999623299 0.174999997019768 0.108960002660751 0.174999997019768 0.115309998393059 0.149599999189377 0.174999997019768 0.174999997019768
0.174999997019768 0.174999997019768 0.0708600059151649 0.174999997019768 0.174999997019768 0.174999997019768 0.174999997019768 0.103880003094673 0.174999997019768 0.174999997019768 0.174999997019768 0.174999997019768 0.164840012788773 0.144519999623299 0.0480000004172325 0.174999997019768 0.174999997019768 0.136900007724762 0.13944000005722 0.0708600059151649 0.148330017924309 0.148330017924309
0.0581600032746792 0.0581600032746792 0.0708600059151649 0.174999997019768 0.0543499998748302 0.131820008158684 0.0505400039255619 0.101339995861053 0.144519999623299 0.1127700060606 0.174999997019768 0.174999997019768 0.0784799978137016 0.144519999623299 0.0480000004172325 0.1737300157547 0.174999997019768 0.0899100005626678 0.174999997019768 0.124200001358986 0.0733999982476234 0.0733999982476234
0.102609999477863 0.102609999477863 0.0480000004172325 0.174999997019768 0.0556200034916401 0.121659994125366 0.0759399980306625 0.163570001721382 0.174999997019768 0.157220005989075 0.147059991955757 0.0683199986815453 0.0480000004172325 0.0480000004172325 0.0911799967288971 0.0772100016474724 0.0619700066745281 0.0822900012135506 0.174999997019768 0.0924500003457069 0.174999997019768 0.174999997019768
0.174999997019768 0.174999997019768 0.0962600037455559 0.0480000004172325 0.174999997019768 0.0683199986815453 0.0492700040340424 0.174999997019768 0.140710011124611 0.0886400043964386 0.0683199986815453 0.174999997019768 0.174999997019768 0.059430006891489 0.0848300009965897 0.0505400039255619 0.067050002515316 0.174999997019768 0.0873700082302094 0.0480000004172325 0.122930005192757 0.122930005192757
0.13944000005722 0.13944000005722 0.0480000004172325 0.161030009388924 0.1737300157547 0.108960002660751 0.172460004687309 0.174999997019768 0.155950009822845 0.159759998321533 0.157220005989075 0.150869995355606 0.174999997019768 0.159759998321533 0.0568899996578693 0.0505400039255619 0.059430006891489 0.167380005121231 0.0708600059151649 0.0657799988985062 0.16865000128746 0.16865000128746
0.0480000004172325 0.0480000004172325 0.0480000004172325 0.174999997019768 0.134360015392303 0.0911799967288971 0.129280000925064 0.0480000004172325 0.174999997019768 0.174999997019768 0.110229998826981 0.174999997019768 0.174999997019768 0.174999997019768 0.0480000004172325 0.174999997019768 0.0480000004172325 0.174999997019768 0.148330017924309 0.0480000004172325 0.0480000004172325 0.0480000004172325
0.0480000004172325 0.0480000004172325 0.0480000004172325 0.106420002877712 0.0746700018644333 0.0657799988985062 0.157220005989075 0.0937199965119362 0.0480000004172325 0.0657799988985062 0.0657799988985062 0.174999997019768 0.0543499998748302 0.159759998321533 0.164840012788773 0.0657799988985062 0.105150006711483 0.0492700040340424 0.0480000004172325 0.159759998321533 0.157220005989075 0.157220005989075
0.0695900022983551 0.0695900022983551 0.166109994053841 0.0657799988985062 0.0581600032746792 0.174999997019768 0.174999997019768 0.0962600037455559 0.174999997019768 0.143250003457069 0.174999997019768 0.126740008592606 0.174999997019768 0.117849998176098 0.0480000004172325 0.0962600037455559 0.0708600059151649 0.126740008592606 0.0975299999117851 0.126740008592606 0.140710011124611 0.140710011124611
