Input/input_p1/plot1_phi1.asc
ncols         22
nrows         62
xllcorner     0.00000000
yllcorner     0.00000000
cellsize      0.5
nodata_value  -9999
[rows 0 to 39 of 62, columns 0 to 21 of 22]
0.23005998134613 0.23005998134613 0.21662001311779 0.190999999642372 0.19352000951767 0.232999995350838 0.190999999642372 0.209059998393059 0.227959990501404 0.20192001760006 0.19352000951767 0.19352000951767 0.190999999642372 0.190999999642372 0.190999999642372 0.190999999642372 0.196040004491806 0.191839993000031 0.20192001760006 0.224179998040199 0.23005998134613 0.23005998134613
0.23005998134613 0.23005998134613 0.21662001311779 0.190999999642372 0.19352000951767 0.232999995350838 0.190999999642372 0.209059998393059 0.227959990501404 0.20192001760006 0.19352000951767 0.19352000951767 0.190999999642372 0.190999999642372 0.190999999642372 0.190999999642372 0.196040004491806 0.191839993000031 0.20192001760006 0.224179998040199 0.23005998134613 0.23005998134613
0.223339974880219 0.223339974880219 0.190999999642372 0.190999999642372 0.194360002875328 0.228379994630814 0.201079994440079 0.223339974880219 0.203179985284805 0.20150001347065 0.21620000898838 0.21620000898838 0.232999995350838 0.203179985284805 0.190999999642372 0.190999999642372 0.190999999642372 0.20024000108242 0.227119997143745 0.190999999642372 0.190999999642372 0.190999999642372
0.190999999642372 0.190999999642372 0.232999995350838 0.195620000362396 0.232999995350838 0.206539988517761 0.191839993000031 0.203179985284805 0.19268000125885 0.204439997673035 0.190999999642372 0.190999999642372 0.190999999642372 0.190999999642372 0.225859984755516 0.191420003771782 0.197300016880035 0.190999999642372 0.202340006828308 0.22291998565197 0.211580008268356 0.211580008268356
0.20024000108242 0.20024000108242 0.23173999786377 0.232999995350838 0.225439980626106 0.232999995350838 0.225019991397858 0.218720018863678 0.228799998760223 0.227540001273155 0.190999999642372 0.190999999642372 0.225019991397858 0.221660003066063 0.194360002875328 0.190999999642372 0.190999999642372 0.190999999642372 0.23005998134613 0.232999995350838 0.190999999642372 0.190999999642372
0.219559997320175 0.219559997320175 0.207379996776581 0.232999995350838 0.190999999642372 0.219559997320175 0.232160001993179 0.219559997320175 0.190999999642372 0.210320010781288 0.212840005755425 0.190999999642372 0.195620000362396 0.19268000125885 0.190999999642372 0.232999995350838 0.190999999642372 0.191839993000031 0.199400007724762 0.190999999642372 0.221660003066063 0.221660003066063
0.21662001311779 0.21662001311779 0.232999995350838 0.204439997673035 0.232579991221428 0.229639992117882 0.232999995350838 0.190999999642372 0.227959990501404 0.202340006828308 0.218299984931946 0.225019991397858 0.217040002346039 0.190999999642372 0.190999999642372 0.232160001993179 0.209480002522469 0.191420003771782 0.190999999642372 0.190999999642372 0.195620000362396 0.195620000362396
0.195200011134148 0.195200011134148 0.206119999289513 0.22291998565197 0.193100020289421 0.217879980802536 0.217459976673126 0.199819996953011 0.206119999289513 0.199819996953011 0.232999995350838 0.206119999289513 0.190999999642372 0.232999995350838 0.199819996953011 0.232160001993179 0.211159989237785 0.19225999712944 0.223759979009628 0.225439980626106 0.190999999642372 0.190999999642372
0.206539988517761 0.206539988517761 0.232999995350838 0.194360002875328 0.225019991397858 0.212840005755425 0.232999995350838 0.23005998134613 0.196040004491806 0.190999999642372 0.195200011134148 0.204439997673035 0.19268000125885 0.196040004491806 0.23089998960495 0.227959990501404 0.212840005755425 0.198980003595352 0.206959992647171 0.198559984564781 0.23173999786377 0.23173999786377
0.190999999642372 0.190999999642372 0.214939996600151 0.201079994440079 0.206119999289513 0.203179985284805 0.232999995350838 0.20192001760006 0.213259994983673 0.207379996776581 0.190999999642372 0.203600004315376 0.210320010781288 0.218720018863678 0.2153599858284 0.232579991221428 0.207379996776581 0.209480002522469 0.21662001311779 0.23005998134613 0.190999999642372 0.190999999642372
0.23173999786377 0.23173999786377 0.198559984564781 0.190999999642372 0.23005998134613 0.231319978833199 0.194780007004738 0.190999999642372 0.225019991397858 0.190999999642372 0.220400005578995 0.193940013647079 0.23047998547554 0.191420003771782 0.19268000125885 0.229219987988472 0.190999999642372 0.197300016880035 0.229219987988472 0.22249998152256 0.190999999642372 0.190999999642372
0.197719991207123 0.197719991207123 0.2153599858284 0.190999999642372 0.19225999712944 0.190999999642372 0.214519992470741 0.190999999642372 0.232999995350838 0.208639979362488 0.209899991750717 0.232999995350838 0.21662001311779 0.23089998960495 0.232999995350838 0.232579991221428 0.224599987268448 0.210739970207214 0.206959992647171 0.232999995350838 0.232999995350838 0.232999995350838
0.20192001760006 0.20192001760006 0.23047998547554 0.232999995350838 0.232999995350838 0.211580008268356 0.19352000951767 0.232999995350838 0.190999999642372 0.232999995350838 0.232579991221428 0.223339974880219 0.232999995350838 0.232999995350838 0.19352000951767 0.194360002875328 0.23173999786377 0.19352000951767 0.190999999642372 0.193100020289421 0.19352000951767 0.19352000951767
0.219140008091927 0.219140008091927 0.194780007004738 0.198139995336533 0.210320010781288 0.190999999642372 0.232999995350838 0.219979986548424 0.227959990501404 0.226700007915497 0.20024000108242 0.213679999113083 0.204439997673035 0.213259994983673 0.211580008268356 0.191839993000031 0.212000012397766 0.2153599858284 0.213679999113083 0.213679999113083 0.219140008091927 0.219140008091927
0.221660003066063 0.221660003066063 0.198139995336533 0.232160001993179 0.232999995350838 0.232579991221428 0.232999995350838 0.191839993000031 0.190999999642372 0.190999999642372 0.22291998565197 0.20024000108242 0.219559997320175 0.196879997849464 0.232999995350838 0.191839993000031 0.211159989237785 0.190999999642372 0.232579991221428 0.224599987268448 0.232160001993179 0.232160001993179
0.232999995350838 0.232999995350838 0.194780007004738 0.219559997320175 0.213259994983673 0.212000012397766 0.232999995350838 0.20024000108242 0.23047998547554 0.211580008268356 0.228379994630814 0.212420001626015 0.219140008091927 0.19352000951767 0.208639979362488 0.212420001626015 0.212420001626015 0.211580008268356 0.232999995350838 0.208219990134239 0.227119997143745 0.227119997143745
0.191420003771782 0.191420003771782 0.225859984755516 0.191420003771782 0.232999995350838 0.212840005755425 0.232999995350838 0.208639979362488 0.232579991221428 0.232999995350838 0.232999995350838 0.190999999642372 0.191420003771782 0.190999999642372 0.232999995350838 0.190999999642372 0.213259994983673 0.190999999642372 0.217040002346039 0.198139995336533 0.232999995350838 0.232999995350838
0.218720018863678 0.218720018863678 0.232999995350838 0.232999995350838 0.232999995350838 0.20150001347065 0.232999995350838 0.199400007724762 0.232999995350838 0.232999995350838 0.232999995350838 0.20024000108242 0.219559997320175 0.196040004491806 0.190999999642372 0.232160001993179 0.212000012397766 0.211159989237785 0.224599987268448 0.212840005755425 0.232999995350838 0.232999995350838
0.232999995350838 0.232999995350838 0.225859984755516 0.206959992647171 0.232999995350838 0.232160001993179 0.232999995350838 0.232999995350838 0.196040004491806 0.232999995350838 0.20192001760006 0.20192001760006 0.204439997673035 0.196040004491806 0.208639979362488 0.190999999642372 0.213679999113083 0.231319978833199 0.232160001993179 0.190999999642372 0.19225999712944 0.19225999712944
0.209480002522469 0.209480002522469 0.232999995350838 0.206959992647171 0.232999995350838 0.224179998040199 0.232999995350838 0.232999995350838 0.190999999642372 0.232999995350838 0.232999995350838 0.196459993720055 0.232999995350838 0.23005998134613 0.232999995350838 0.214939996600151 0.232999995350838 0.23173999786377 0.202760010957718 0.190999999642372 0.232999995350838 0.232999995350838
0.221239998936653 0.221239998936653 0.226279988884926 0.232999995350838 0.194360002875328 0.232999995350838 0.232999995350838 0.23173999786377 0.23005998134613 0.232999995350838 0.232999995350838 0.191839993000031 0.217040002346039 0.225019991397858 0.208639979362488 0.232999995350838 0.194360002875328 0.190999999642372 0.232999995350838 0.232999995350838 0.232999995350838 0.232999995350838
0.232999995350838 0.232999995350838 0.198559984564781 0.211159989237785 0.208639979362488 0.208219990134239 0.208639979362488 0.208219990134239 0.217879980802536 0.225019991397858 0.229219987988472 0.20024000108242 0.227540001273155 0.215779989957809 0.190999999642372 0.191420003771782 0.219979986548424 0.194360002875328 0.217459976673126 0.232999995350838 0.220400005578995 0.220400005578995
0.190999999642372 0.190999999642372 0.198559984564781 0.207800000905991 0.23005998134613 0.23089998960495 0.195620000362396 0.190999999642372 0.228379994630814 0.228379994630814 0.232999995350838 0.190999999642372 0.19268000125885 0.228379994630814 0.190999999642372 0.227540001273155 0.213259994983673 0.228379994630814 0.219140008091927 0.191839993000031 0.218299984931946 0.218299984931946
0.209899991750717 0.209899991750717 0.23005998134613 0.232999995350838 0.208639979362488 0.212840005755425 0.191839993000031 0.223759979009628 0.190999999642372 0.208639979362488 0.212840005755425 0.217040002346039 0.190999999642372 0.190999999642372 0.20024000108242 0.190999999642372 0.212840005755425 0.218299984931946 0.21662001311779 0.232999995350838 0.214100003242493 0.214100003242493
0.232999995350838 0.232999995350838 0.232999995350838 0.217040002346039 0.194360002875328 0.208219990134239 0.190999999642372 0.211580008268356 0.190999999642372 0.217459976673126 0.190999999642372 0.190999999642372 0.195200011134148 0.196040004491806 0.209899991750717 0.227119997143745 0.215779989957809 0.232999995350838 0.204439997673035 0.225439980626106 0.201079994440079 0.201079994440079
0.212840005755425 0.212840005755425 0.232999995350838 0.190999999642372 0.23089998960495 0.218720018863678 0.217879980802536 0.199400007724762 0.190999999642372 0.214519992470741 0.20024000108242 0.197300016880035 0.209480002522469 0.231319978833199 0.190999999642372 0.190999999642372 0.232999995350838 0.206539988517761 0.224179998040199 0.202760010957718 0.205280005931854 0.205280005931854
0.196459993720055 0.196459993720055 0.232999995350838 0.2153599858284 0.191420003771782 0.232999995350838 0.225859984755516 0.213259994983673 0.197300016880035 0.219559997320175 0.190999999642372 0.196879997849464 0.207379996776581 0.232999995350838 0.193940013647079 0.225859984755516 0.232999995350838 0.226279988884926 0.232999995350838 0.225439980626106 0.223339974880219 0.223339974880219
0.232999995350838 0.232999995350838 0.209059998393059 0.206959992647171 0.194360002875328 0.232999995350838 0.191839993000031 0.21620000898838 0.229219987988472 0.219559997320175 0.190999999642372 0.232999995350838 0.210739970207214 0.190999999642372 0.225439980626106 0.190999999642372 0.219979986548424 0.218720018863678 0.217040002346039 0.204020008444786 0.225019991397858 0.225019991397858
0.232999995350838 0.232999995350838 0.190999999642372 0.232999995350838 0.23047998547554 0.2153599858284 0.20024000108242 0.205280005931854 0.23173999786377 0.210739970207214 0.225439980626106 0.23089998960495 0.232999995350838 0.225439980626106 0.190999999642372 0.190999999642372 0.190999999642372 0.224179998040199 0.211580008268356 0.218299984931946 0.223759979009628 0.223759979009628
0.190999999642372 0.190999999642372 0.20066000521183 0.190999999642372 0.232999995350838 0.202760010957718 0.232160001993179 0.219979986548424 0.217459976673126 0.190999999642372 0.199819996953011 0.199819996953011 0.22291998565197 0.229219987988472 0.226279988884926 0.232999995350838 0.211580008268356 0.232999995350838 0.195200011134148 0.190999999642372 0.232999995350838 0.232999995350838
0.232999995350838 0.232999995350838 0.190999999642372 0.221239998936653 0.201079994440079 0.196459993720055 0.232999995350838 0.208639979362488 0.201079994440079 0.232999995350838 0.198980003595352 0.223339974880219 0.212420001626015 0.218720018863678 0.22291998565197 0.232999995350838 0.211159989237785 0.232999995350838 0.213259994983673 0.224599987268448 0.232999995350838 0.232999995350838
0.232999995350838 0.232999995350838 0.198559984564781 0.232999995350838 0.232999995350838 0.232999995350838 0.232999995350838 0.209480002522469 0.232999995350838 0.232999995350838 0.232999995350838 0.232999995350838 0.229639992117882 0.22291998565197 0.190999999642372 0.232999995350838 0.232999995350838 0.220400005578995 0.221239998936653 0.198559984564781 0.224179998040199 0.224179998040199
0.194360002875328 0.194360002875328 0.198559984564781 0.232999995350838 0.193100020289421 0.218720018863678 0.191839993000031 0.208639979362488 0.22291998565197 0.212420001626015 0.232999995350838 0.232999995350838 0.201079994440079 0.22291998565197 0.190999999642372 0.232579991221428 0.232999995350838 0.204860001802444 0.232999995350838 0.21620000898838 0.199400007724762 0.199400007724762
0.209059998393059 0.209059998393059 0.190999999642372 0.232999995350838 0.19352000951767 0.2153599858284 0.20024000108242 0.229219987988472 0.232999995350838 0.227119997143745 0.223759979009628 0.197719991207123 0.190999999642372 0.190999999642372 0.205280005931854 0.20066000521183 0.195620000362396 0.202340006828308 0.232999995350838 0.205699995160103 0.232999995350838 0.232999995350838
0.232999995350838 0.232999995350838 0.206959992647171 0.190999999642372 0.232999995350838 0.197719991207123 0.191420003771782 0.232999995350838 0.221660003066063 0.204439997673035 0.197719991207123 0.232999995350838 0.232999995350838 0.194780007004738 0.203179985284805 0.191839993000031 0.197300016880035 0.232999995350838 0.204020008444786 0.190999999642372 0.215779989957809 0.215779989957809
0.221239998936653 0.221239998936653 0.190999999642372 0.228379994630814 0.232579991221428 0.211159989237785 0.232160001993179 0.232999995350838 0.226700007915497 0.227959990501404 0.227119997143745 0.225019991397858 0.232999995350838 0.227959990501404 0.193940013647079 0.191839993000031 0.194780007004738 0.23047998547554 0.198559984564781 0.196879997849464 0.23089998960495 0.23089998960495
0.190999999642372 0.190999999642372 0.190999999642372 0.232999995350838 0.219559997320175 0.205280005931854 0.217879980802536 0.190999999642372 0.232999995350838 0.232999995350838 0.211580008268356 0.232999995350838 0.232999995350838 0.232999995350838 0.190999999642372 0.232999995350838 0.190999999642372 0.232999995350838 0.224179998040199 0.190999999642372 0.190999999642372 0.190999999642372
0.190999999642372 0.190999999642372 0.190999999642372 0.210320010781288 0.199819996953011 0.196879997849464 0.227119997143745 0.206119999289513 0.190999999642372 0.196879997849464 0.196879997849464 0.232999995350838 0.193100020289421 0.227959990501404 0.229639992117882 0.196879997849464 0.209899991750717 0.191420003771782 0.190999999642372 0.227959990501404 0.227119997143745 0.227119997143745
0.198139995336533 0.198139995336533 0.23005998134613 0.196879997849464 0.194360002875328 0.232999995350838 0.232999995350838 0.206959992647171 0.232999995350838 0.22249998152256 0.232999995350838 0.217040002346039 0.232999995350838 0.214100003242493 0.190999999642372 0.206959992647171 0.198559984564781 0.217040002346039 0.207379996776581 0.217040002346039 0.221660003066063 0.221660003066063
0.221239998936653 0.221239998936653 0.222080007195473 0.19268000125885 0.232999995350838 0.232999995350838 0.232160001993179 0.211580008268356 0.190999999642372 0.195620000362396 0.20024000108242 0.228379994630814 0.220819994807243 0.20024000108242 0.217040002346039 0.232999995350838 0.190999999642372 0.193940013647079 0.206959992647171 0.197719991207123 0.23173999786377 0.23173999786377
