Input/input_p1/plot1_phi2.asc
ncols         22
nrows         62
xllcorner     0
yllcorner     0
cellsize      0.5
nodata_value  -9999
[rows 0 to 39 of 62, columns 0 to 21 of 22]
0.330569982528687 0.330569982528687 0.410890012979507 0.564000010490417 0.548940002918243 0.312999993562698 0.564000010490417 0.456069976091385 0.343120008707047 0.498740017414093 0.548940002918243 0.548940002918243 0.564000010490417 0.564000010490417 0.564000010490417 0.564000010490417 0.533879995346069 0.558980047702789 0.498740017414093 0.365709990262985 0.330569982528687 0.330569982528687
0.330569982528687 0.330569982528687 0.410890012979507 0.564000010490417 0.548940002918243 0.312999993562698 0.564000010490417 0.456069976091385 0.343120008707047 0.498740017414093 0.548940002918243 0.548940002918243 0.564000010490417 0.564000010490417 0.564000010490417 0.564000010490417 0.533879995346069 0.558980047702789 0.498740017414093 0.365709990262985 0.330569982528687 0.330569982528687
0.370729982852936 0.370729982852936 0.564000010490417 0.564000010490417 0.543920040130615 0.340609967708588 0.503760039806366 0.370729982852936 0.491209983825684 0.501250028610229 0.413400053977966 0.413400053977966 0.312999993562698 0.491209983825684 0.564000010490417 0.564000010490417 0.564000010490417 0.508780002593994 0.348140001296997 0.564000010490417 0.564000010490417 0.564000010490417
0.564000010490417 0.564000010490417 0.312999993562698 0.536390006542206 0.312999993562698 0.471130013465881 0.558980047702789 0.491209983825684 0.553960025310516 0.483680009841919 0.564000010490417 0.564000010490417 0.564000010490417 0.564000010490417 0.355669975280762 0.561489999294281 0.526350021362305 0.564000010490417 0.496230006217957 0.37323996424675 0.441009968519211 0.441009968519211
0.508780002593994 0.508780002593994 0.320530027151108 0.312999993562698 0.358180016279221 0.312999993562698 0.360689997673035 0.398339986801147 0.338099986314774 0.345629990100861 0.564000010490417 0.564000010490417 0.360689997673035 0.380770027637482 0.543920040130615 0.564000010490417 0.564000010490417 0.564000010490417 0.330569982528687 0.312999993562698 0.564000010490417 0.564000010490417
0.393319994211197 0.393319994211197 0.466109991073608 0.312999993562698 0.564000010490417 0.393319994211197 0.318019986152649 0.393319994211197 0.564000010490417 0.44854000210762 0.433479994535446 0.564000010490417 0.536390006542206 0.553960025310516 0.564000010490417 0.312999993562698 0.564000010490417 0.558980047702789 0.513800024986267 0.564000010490417 0.380770027637482 0.380770027637482
0.410890012979507 0.410890012979507 0.312999993562698 0.483680009841919 0.315509974956512 0.333079993724823 0.312999993562698 0.564000010490417 0.343120008707047 0.496230006217957 0.400849997997284 0.360689997673035 0.408380001783371 0.564000010490417 0.564000010490417 0.318019986152649 0.453560024499893 0.561489999294281 0.564000010490417 0.564000010490417 0.536390006542206 0.536390006542206
0.538900017738342 0.538900017738342 0.473640024662018 0.37323996424675 0.55145001411438 0.403359979391098 0.405869990587234 0.511290013790131 0.473640024662018 0.511290013790131 0.312999993562698 0.473640024662018 0.564000010490417 0.312999993562698 0.511290013790131 0.318019986152649 0.443519979715347 0.556470036506653 0.368219971656799 0.358180016279221 0.564000010490417 0.564000010490417
0.471130013465881 0.471130013465881 0.312999993562698 0.543920040130615 0.360689997673035 0.433479994535446 0.312999993562698 0.330569982528687 0.533879995346069 0.564000010490417 0.538900017738342 0.483680009841919 0.553960025310516 0.533879995346069 0.325549989938736 0.343120008707047 0.433479994535446 0.516309976577759 0.468620002269745 0.518819987773895 0.320530027151108 0.320530027151108
0.564000010490417 0.564000010490417 0.420930027961731 0.503760039806366 0.473640024662018 0.491209983825684 0.312999993562698 0.498740017414093 0.430970013141632 0.466109991073608 0.564000010490417 0.48870000243187 0.44854000210762 0.398339986801147 0.418419986963272 0.315509974956512 0.466109991073608 0.453560024499893 0.410890012979507 0.330569982528687 0.564000010490417 0.564000010490417
0.320530027151108 0.320530027151108 0.518819987773895 0.564000010490417 0.330569982528687 0.323039978742599 0.541410028934479 0.564000010490417 0.360689997673035 0.564000010490417 0.388300031423569 0.546430051326752 0.328060001134872 0.561489999294281 0.553960025310516 0.335589975118637 0.564000010490417 0.526350021362305 0.335589975118637 0.375749975442886 0.564000010490417 0.564000010490417
0.523840010166168 0.523840010166168 0.418419986963272 0.564000010490417 0.556470036506653 0.564000010490417 0.423440009355545 0.564000010490417 0.312999993562698 0.458580017089844 0.451050043106079 0.312999993562698 0.410890012979507 0.325549989938736 0.312999993562698 0.315509974956512 0.363200008869171 0.446029961109161 0.468620002269745 0.312999993562698 0.312999993562698 0.312999993562698
0.498740017414093 0.498740017414093 0.328060001134872 0.312999993562698 0.312999993562698 0.441009968519211 0.548940002918243 0.312999993562698 0.564000010490417 0.312999993562698 0.315509974956512 0.370729982852936 0.312999993562698 0.312999993562698 0.548940002918243 0.543920040130615 0.320530027151108 0.548940002918243 0.564000010490417 0.55145001411438 0.548940002918243 0.548940002918243
0.395830005407333 0.395830005407333 0.541410028934479 0.521329998970032 0.44854000210762 0.564000010490417 0.312999993562698 0.390810012817383 0.343120008707047 0.350650012493134 0.508780002593994 0.428460001945496 0.483680009841919 0.430970013141632 0.441009968519211 0.558980047702789 0.438499987125397 0.418419986963272 0.428460001945496 0.428460001945496 0.395830005407333 0.395830005407333
0.380770027637482 0.380770027637482 0.521329998970032 0.318019986152649 0.312999993562698 0.315509974956512 0.312999993562698 0.558980047702789 0.564000010490417 0.564000010490417 0.37323996424675 0.508780002593994 0.393319994211197 0.528860032558441 0.312999993562698 0.558980047702789 0.443519979715347 0.564000010490417 0.315509974956512 0.363200008869171 0.318019986152649 0.318019986152649
0.312999993562698 0.312999993562698 0.541410028934479 0.393319994211197 0.430970013141632 0.438499987125397 0.312999993562698 0.508780002593994 0.328060001134872 0.441009968519211 0.340609967708588 0.43598997592926 0.395830005407333 0.548940002918243 0.458580017089844 0.43598997592926 0.43598997592926 0.441009968519211 0.312999993562698 0.461089998483658 0.348140001296997 0.348140001296997
0.561489999294281 0.561489999294281 0.355669975280762 0.561489999294281 0.312999993562698 0.433479994535446 0.312999993562698 0.458580017089844 0.315509974956512 0.312999993562698 0.312999993562698 0.564000010490417 0.561489999294281 0.564000010490417 0.312999993562698 0.564000010490417 0.430970013141632 0.564000010490417 0.408380001783371 0.521329998970032 0.312999993562698 0.312999993562698
0.398339986801147 0.398339986801147 0.312999993562698 0.312999993562698 0.312999993562698 0.501250028610229 0.312999993562698 0.513800024986267 0.312999993562698 0.312999993562698 0.312999993562698 0.508780002593994 0.393319994211197 0.533879995346069 0.564000010490417 0.318019986152649 0.438499987125397 0.443519979715347 0.363200008869171 0.433479994535446 0.312999993562698 0.312999993562698
0.312999993562698 0.312999993562698 0.355669975280762 0.468620002269745 0.312999993562698 0.318019986152649 0.312999993562698 0.312999993562698 0.533879995346069 0.312999993562698 0.498740017414093 0.498740017414093 0.483680009841919 0.533879995346069 0.458580017089844 0.564000010490417 0.428460001945496 0.323039978742599 0.318019986152649 0.564000010490417 0.556470036506653 0.556470036506653
0.453560024499893 0.453560024499893 0.312999993562698 0.468620002269745 0.312999993562698 0.365709990262985 0.312999993562698 0.312999993562698 0.564000010490417 0.312999993562698 0.312999993562698 0.531369984149933 0.312999993562698 0.330569982528687 0.312999993562698 0.420930027961731 0.312999993562698 0.320530027151108 0.493720024824142 0.564000010490417 0.312999993562698 0.312999993562698
0.383280038833618 0.383280038833618 0.353159993886948 0.312999993562698 0.543920040130615 0.312999993562698 0.312999993562698 0.320530027151108 0.330569982528687 0.312999993562698 0.312999993562698 0.558980047702789 0.408380001783371 0.360689997673035 0.458580017089844 0.312999993562698 0.543920040130615 0.564000010490417 0.312999993562698 0.312999993562698 0.312999993562698 0.312999993562698
0.312999993562698 0.312999993562698 0.518819987773895 0.443519979715347 0.458580017089844 0.461089998483658 0.458580017089844 0.461089998483658 0.403359979391098 0.360689997673035 0.335589975118637 0.508780002593994 0.345629990100861 0.415910005569458 0.564000010490417 0.561489999294281 0.390810012817383 0.543920040130615 0.405869990587234 0.312999993562698 0.388300031423569 0.388300031423569
0.564000010490417 0.564000010490417 0.518819987773895 0.463600039482117 0.330569982528687 0.325549989938736 0.536390006542206 0.564000010490417 0.340609967708588 0.340609967708588 0.312999993562698 0.564000010490417 0.553960025310516 0.340609967708588 0.564000010490417 0.345629990100861 0.430970013141632 0.340609967708588 0.395830005407333 0.558980047702789 0.400849997997284 0.400849997997284
0.451050043106079 0.451050043106079 0.330569982528687 0.312999993562698 0.458580017089844 0.433479994535446 0.558980047702789 0.368219971656799 0.564000010490417 0.458580017089844 0.433479994535446 0.408380001783371 0.564000010490417 0.564000010490417 0.508780002593994 0.564000010490417 0.433479994535446 0.400849997997284 0.410890012979507 0.312999993562698 0.425950020551682 0.425950020551682
0.312999993562698 0.312999993562698 0.312999993562698 0.408380001783371 0.543920040130615 0.461089998483658 0.564000010490417 0.441009968519211 0.564000010490417 0.405869990587234 0.564000010490417 0.564000010490417 0.538900017738342 0.533879995346069 0.451050043106079 0.348140001296997 0.415910005569458 0.312999993562698 0.483680009841919 0.358180016279221 0.503760039806366 0.503760039806366
0.433479994535446 0.433479994535446 0.312999993562698 0.564000010490417 0.325549989938736 0.398339986801147 0.403359979391098 0.513800024986267 0.564000010490417 0.423440009355545 0.508780002593994 0.526350021362305 0.453560024499893 0.323039978742599 0.564000010490417 0.564000010490417 0.312999993562698 0.471130013465881 0.365709990262985 0.493720024824142 0.478660047054291 0.478660047054291
0.531369984149933 0.531369984149933 0.312999993562698 0.418419986963272 0.561489999294281 0.312999993562698 0.355669975280762 0.430970013141632 0.526350021362305 0.393319994211197 0.564000010490417 0.528860032558441 0.466109991073608 0.312999993562698 0.546430051326752 0.355669975280762 0.312999993562698 0.353159993886948 0.312999993562698 0.358180016279221 0.370729982852936 0.370729982852936
0.312999993562698 0.312999993562698 0.456069976091385 0.468620002269745 0.543920040130615 0.312999993562698 0.558980047702789 0.413400053977966 0.335589975118637 0.393319994211197 0.564000010490417 0.312999993562698 0.446029961109161 0.564000010490417 0.358180016279221 0.564000010490417 0.390810012817383 0.398339986801147 0.408380001783371 0.486189991235733 0.360689997673035 0.360689997673035
0.312999993562698 0.312999993562698 0.564000010490417 0.312999993562698 0.328060001134872 0.418419986963272 0.508780002593994 0.478660047054291 0.320530027151108 0.446029961109161 0.358180016279221 0.325549989938736 0.312999993562698 0.358180016279221 0.564000010490417 0.564000010490417 0.564000010490417 0.365709990262985 0.441009968519211 0.400849997997284 0.368219971656799 0.368219971656799
0.564000010490417 0.564000010490417 0.506270051002502 0.564000010490417 0.312999993562698 0.493720024824142 0.318019986152649 0.390810012817383 0.405869990587234 0.564000010490417 0.511290013790131 0.511290013790131 0.37323996424675 0.335589975118637 0.353159993886948 0.312999993562698 0.441009968519211 0.312999993562698 0.538900017738342 0.564000010490417 0.312999993562698 0.312999993562698
0.312999993562698 0.312999993562698 0.564000010490417 0.383280038833618 0.503760039806366 0.531369984149933 0.312999993562698 0.458580017089844 0.503760039806366 0.312999993562698 0.516309976577759 0.370729982852936 0.43598997592926 0.398339986801147 0.37323996424675 0.312999993562698 0.443519979715347 0.312999993562698 0.430970013141632 0.363200008869171 0.312999993562698 0.312999993562698
0.312999993562698 0.312999993562698 0.518819987773895 0.312999993562698 0.312999993562698 0.312999993562698 0.312999993562698 0.453560024499893 0.312999993562698 0.312999993562698 0.312999993562698 0.312999993562698 0.333079993724823 0.37323996424675 0.564000010490417 0.312999993562698 0.312999993562698 0.388300031423569 0.383280038833618 0.518819987773895 0.365709990262985 0.365709990262985
0.543920040130615 0.543920040130615 0.518819987773895 0.312999993562698 0.55145001411438 0.398339986801147 0.558980047702789 0.458580017089844 0.37323996424675 0.43598997592926 0.312999993562698 0.312999993562698 0.503760039806366 0.37323996424675 0.564000010490417 0.315509974956512 0.312999993562698 0.481170058250427 0.312999993562698 0.413400053977966 0.513800024986267 0.513800024986267
0.456069976091385 0.456069976091385 0.564000010490417 0.312999993562698 0.548940002918243 0.418419986963272 0.508780002593994 0.335589975118637 0.312999993562698 0.348140001296997 0.368219971656799 0.523840010166168 0.564000010490417 0.564000010490417 0.478660047054291 0.506270051002502 0.536390006542206 0.496230006217957 0.312999993562698 0.47614997625351 0.312999993562698 0.312999993562698
0.312999993562698 0.312999993562698 0.468620002269745 0.564000010490417 0.312999993562698 0.523840010166168 0.561489999294281 0.312999993562698 0.380770027637482 0.483680009841919 0.523840010166168 0.312999993562698 0.312999993562698 0.541410028934479 0.491209983825684 0.558980047702789 0.526350021362305 0.312999993562698 0.486189991235733 0.564000010490417 0.415910005569458 0.415910005569458
0.383280038833618 0.383280038833618 0.564000010490417 0.340609967708588 0.315509974956512 0.443519979715347 0.318019986152649 0.312999993562698 0.350650012493134 0.343120008707047 0.348140001296997 0.360689997673035 0.312999993562698 0.343120008707047 0.546430051326752 0.558980047702789 0.541410028934479 0.328060001134872 0.518819987773895 0.528860032558441 0.325549989938736 0.325549989938736
0.564000010490417 0.564000010490417 0.564000010490417 0.312999993562698 0.393319994211197 0.478660047054291 0.403359979391098 0.564000010490417 0.312999993562698 0.312999993562698 0.441009968519211 0.312999993562698 0.312999993562698 0.312999993562698 0.564000010490417 0.312999993562698 0.564000010490417 0.312999993562698 0.365709990262985 0.564000010490417 0.564000010490417 0.564000010490417
0.564000010490417 0.564000010490417 0.564000010490417 0.44854000210762 0.511290013790131 0.528860032558441 0.348140001296997 0.473640024662018 0.564000010490417 0.528860032558441 0.528860032558441 0.312999993562698 0.55145001411438 0.343120008707047 0.333079993724823 0.528860032558441 0.451050043106079 0.561489999294281 0.564000010490417 0.343120008707047 0.348140001296997 0.348140001296997
0.521329998970032 0.521329998970032 0.330569982528687 0.528860032558441 0.543920040130615 0.312999993562698 0.312999993562698 0.468620002269745 0.312999993562698 0.375749975442886 0.312999993562698 0.408380001783371 0.312999993562698 0.425950020551682 0.564000010490417 0.468620002269745 0.518819987773895 0.408380001783371 0.466109991073608 0.408380001783371 0.380770027637482 0.380770027637482
0.383280038833618 0.383280038833618 0.378260016441345 0.553960025310516 0.312999993562698 0.312999993562698 0.318019986152649 0.441009968519211 0.564000010490417 0.536390006542206 0.508780002593994 0.340609967708588 0.385790020227432 0.508780002593994 0.408380001783371 0.312999993562698 0.564000010490417 0.546430051326752 0.468620002269745 0.523840010166168 0.320530027151108 0.320530027151108
