Input/Test2_Abbott_300700/adem0402_2.asc
ncols     19
nrows    35
xllcorner      0.00000000
yllcorner      0.00000000
cellsize      0.50000000
nodata_value -9999
 1.00000000000000E+0002
 1.00000000000000E+0002
 1.00000000000000E+0002
 1.00000000000000E+0002
 1.00000000000000E+0002
 1.00000000000000E+0002
 1.00000000000000E+0002
 1.00000000000000E+0002
 1.00000000000000E+0002
 1.00000000000000E+0002
 1.00000000000000E+0002
 1.00000000000000E+0002
 1.00000000000000E+0002
 1.00000000000000E+0002
 1.00000000000000E+0002
 1.00000000000000E+0002
 1.00000000000000E+0002
 1.00000000000000E+0002
 1.00000000000000E+0002
 1.00000000000000E+0002
 9.92985992431641E+0001
 9.93239974975586E+0001
 9.93247985839844E+0001
 9.93535995483398E+0001
 9.93563995361328E+0001
 9.93188018798828E+0001
 9.93352966308594E+0001
 9.93305969238281E+0001
 9.93658981323242E+0001
 9.93640975952148E+0001
 9.93701019287109E+0001
 9.93748016357422E+0001
 9.93780975341797E+0001
 9.93899993896484E+0001
 9.93800964355469E+0001
 9.93815002441406E+0001
 9.93725967407227E+0001
 1.00000000000000E+0002
 1.00000000000000E+0002
 9.92608032226562E+0001
 9.92984008789063E+0001
 9.92854995727539E+0001
 9.93044967651367E+0001
 9.92888031005859E+0001
 9.92639999389649E+0001
 9.92712020874023E+0001
 9.92782974243164E+0001
 9.92899017333984E+0001
 9.92996978759766E+0001
 9.93103027343750E+0001
 9.93177032470703E+0001
 9.93122024536133E+0001
 9.93423995971680E+0001
 9.93363037109375E+0001
 9.93218994140625E+0001
 9.93039016723633E+0001
 1.00000000000000E+0002
 1.00000000000000E+0002
 9.92070999145508E+0001
 9.92295989990234E+0001
 9.92297973632813E+0001
 9.92509994506836E+0001
 9.92286987304687E+0001
 9.92148971557617E+0001
 9.92350997924805E+0001
 9.92314987182617E+0001
 9.92496032714844E+0001
 9.92598037719727E+0001
 9.92734985351563E+0001
 9.92954025268555E+0001
 9.92892990112305E+0001
 9.93082962036133E+0001
 9.92735977172851E+0001
 9.92661972045898E+0001
 9.92679977416992E+0001
 1.00000000000000E+0002
 1.00000000000000E+0002
 9.91389007568359E+0001
 9.91663970947266E+0001
 9.91896972656250E+0001
 9.91844024658203E+0001
 9.91583023071289E+0001
 9.91946029663086E+0001
 9.91891021728516E+0001
 9.91773986816406E+0001
 9.92412033081055E+0001
 9.91992034912109E+0001
 9.91943969726563E+0001
 9.91918029785156E+0001
 9.92311019897461E+0001
 9.92230987548828E+0001
 9.92326965332031E+0001
 9.92115020751953E+0001
 9.92472000122070E+0001
 1.00000000000000E+0002
 1.00000000000000E+0002
 9.90837020874023E+0001
 9.91244964599609E+0001
 9.91286010742187E+0001
 9.91303024291992E+0001
 9.91055984497070E+0001
 9.91095962524414E+0001
 9.91289978027344E+0001
 9.91209030151367E+0001
 9.91494979858398E+0001
 9.91847991943359E+0001
 9.91669998168945E+0001
 9.91642990112305E+0001
 9.91404037475586E+0001
 9.91679000854492E+0001
 9.91677017211914E+0001
 9.91659011840820E+0001
 9.91812973022461E+0001
 1.00000000000000E+0002
 1.00000000000000E+0002
 9.90418014526367E+0001
 9.90603027343750E+0001
 9.90588989257812E+0001
 9.90524978637695E+0001
 9.90428009033203E+0001
 9.90569000244141E+0001
 9.90716018676758E+0001
 9.90858993530273E+0001
 9.91003036499023E+0001
 9.91718978881836E+0001
 9.91153030395508E+0001
 9.91168975830078E+0001
 9.90950012207031E+0001
 9.90906982421875E+0001
 9.90985031127930E+0001
 9.91297988891602E+0001
 9.91240005493164E+0001
 1.00000000000000E+0002
 1.00000000000000E+0002
 9.90045013427734E+0001
 9.90078964233399E+0001
 9.89806976318359E+0001
 9.90148010253906E+0001
 9.89876022338867E+0001
 9.89944992065430E+0001
 9.90295028686523E+0001
 9.90208969116211E+0001
 9.90194015502930E+0001
 9.90410003662109E+0001
 9.90402984619141E+0001
 9.90404968261719E+0001
 9.90363998413086E+0001
 9.90464019775391E+0001
 9.90535964965820E+0001
 9.90736007690430E+0001
 9.90717010498047E+0001
 1.00000000000000E+0002
 1.00000000000000E+0002
 9.89336013793945E+0001
 9.89450988769531E+0001
 9.89462966918945E+0001
 9.89451980590820E+0001
 9.89649963378906E+0001
 9.89571990966797E+0001
 9.89588012695313E+0001
 9.89872970581055E+0001
 9.89873962402344E+0001
 9.89929962158203E+0001
 9.89926986694336E+0001
 9.89977035522461E+0001
 9.90121994018555E+0001
 9.90131988525391E+0001
 9.90138015747070E+0001
 9.90127029418945E+0001
 9.90076980590820E+0001
 1.00000000000000E+0002
 1.00000000000000E+0002
 9.89060974121094E+0001
 9.88868026733399E+0001
 9.88846969604492E+0001
 9.89093017578125E+0001
 9.88929977416992E+0001
 9.89179992675781E+0001
 9.89349975585938E+0001
 9.89269027709961E+0001
 9.89095001220703E+0001
 9.89384002685547E+0001
 9.89437026977539E+0001
 9.89628982543945E+0001
 9.89524002075195E+0001
 9.89632034301758E+0001
 9.89570007324219E+0001
 9.89541015625000E+0001
 9.89739990234375E+0001
 1.00000000000000E+0002
 1.00000000000000E+0002
 9.88562011718750E+0001
 9.88453979492187E+0001
 9.88497009277344E+0001
 9.88257980346680E+0001
 9.88525009155273E+0001
 9.88473968505859E+0001
 9.88553009033203E+0001
 9.88749008178711E+0001
 9.88693008422852E+0001
 9.88747024536133E+0001
 9.89028015136719E+0001
 9.88634033203125E+0001
 9.88936996459961E+0001
 9.89216003417969E+0001
 9.89094009399414E+0001
 9.89142990112305E+0001
 9.89272003173828E+0001
 1.00000000000000E+0002
 1.00000000000000E+0002
 9.87329025268555E+0001
 9.87893981933594E+0001
 9.88070983886719E+0001
 9.87752990722656E+0001
 9.87742004394531E+0001
 9.87753982543945E+0001
 9.87873001098633E+0001
 9.87922973632812E+0001
 9.88122024536133E+0001
 9.88198013305664E+0001
 9.88155975341797E+0001
 9.88291015625000E+0001
 9.88235015869141E+0001
 9.88628005981445E+0001
 9.88673019409180E+0001
 9.88582992553711E+0001
 9.88843994140625E+0001
 1.00000000000000E+0002
 1.00000000000000E+0002
 9.86830978393555E+0001
 9.87209014892578E+0001
 9.87257003784180E+0001
 9.87463989257812E+0001
 9.87120971679687E+0001
 9.87105026245117E+0001
 9.87352981567383E+0001
 9.87622985839844E+0001
 9.87373962402344E+0001
 9.87676010131836E+0001
 9.87762985229492E+0001
 9.88015975952148E+0001
 9.87927017211914E+0001
 9.87938995361328E+0001
 9.87874984741211E+0001
 9.88066024780273E+0001
 9.88140029907226E+0001
 1.00000000000000E+0002
 1.00000000000000E+0002
 9.86355972290039E+0001
 9.86369018554688E+0001
 9.86308975219726E+0001
 9.86324005126953E+0001
 9.86649017333984E+0001
 9.86522979736328E+0001
 9.86865005493164E+0001
 9.87017974853516E+0001
 9.86801986694336E+0001
 9.86921997070312E+0001
 9.87312011718750E+0001
 9.87453002929687E+0001
 9.87257995605469E+0001
 9.87472000122070E+0001
 9.87408981323242E+0001
 9.87696990966797E+0001
 9.87836990356445E+0001
 1.00000000000000E+0002
 1.00000000000000E+0002
 9.85490036010742E+0001
 9.85811996459961E+0001
 9.86201019287109E+0001
 9.86007995605469E+0001
 9.86194992065430E+0001
 9.85961990356445E+0001
 9.86009979248047E+0001
 9.86304016113281E+0001
 9.86297988891602E+0001
 9.86324005126953E+0001
 9.86479034423828E+0001
 9.86728973388672E+0001
 9.86733016967773E+0001
 9.86894989013672E+0001
 9.86977996826172E+0001
 9.87044982910156E+0001
 9.86980972290039E+0001
 1.00000000000000E+0002
 1.00000000000000E+0002
 9.84728012084961E+0001
 9.85042037963867E+0001
 9.85386962890625E+0001
 9.85343017578125E+0001
 9.85486984252930E+0001
 9.85360031127930E+0001
 9.85447998046875E+0001
 9.85858993530274E+0001
 9.85813980102539E+0001
 9.85980987548828E+0001
 9.86174011230469E+0001
 9.86303024291992E+0001
 9.86418991088867E+0001
 9.86396026611328E+0001
 9.86689987182617E+0001
 9.86769027709961E+0001
 9.86803970336914E+0001
 1.00000000000000E+0002
 1.00000000000000E+0002
 9.84017028808594E+0001
 9.84337005615234E+0001
 9.84464035034180E+0001
 9.84376983642578E+0001
 9.84446029663086E+0001
 9.84718017578125E+0001
 9.84726028442383E+0001
 9.85072021484375E+0001
 9.85341033935547E+0001
 9.85814971923828E+0001
 9.85646972656250E+0001
 9.85633010864258E+0001
 9.85861968994141E+0001
 9.85963973999023E+0001
 9.86143035888672E+0001
 9.86111984252930E+0001
 9.86378021240234E+0001
 1.00000000000000E+0002
 1.00000000000000E+0002
 9.83839035034180E+0001
 9.83871002197266E+0001
 9.84086990356445E+0001
 9.83964004516602E+0001
 9.83983001708984E+0001
 9.83993988037110E+0001
 9.84132003784180E+0001
 9.84468994140625E+0001
 9.85044021606445E+0001
 9.85235977172852E+0001
 9.85139007568359E+0001
 9.85243988037109E+0001
 9.85381011962891E+0001
 9.85504989624024E+0001
 9.85540008544922E+0001
 9.85849990844727E+0001
 9.85995025634766E+0001
 1.00000000000000E+0002
 1.00000000000000E+0002
 9.83339996337891E+0001
 9.83439025878906E+0001
 9.83653030395508E+0001
 9.83440017700195E+0001
 9.83582992553711E+0001
 9.83598022460938E+0001
 9.83780975341797E+0001
 9.83741989135742E+0001
 9.84281005859375E+0001
 9.84549026489258E+0001
 9.84272003173828E+0001
 9.84396972656250E+0001
 9.84669036865234E+0001
 9.85076980590820E+0001
 9.84701004028320E+0001
 9.84984970092773E+0001
 9.85077972412109E+0001
 1.00000000000000E+0002
 1.00000000000000E+0002
 9.82266006469726E+0001
 9.82655029296875E+0001
 9.82953033447266E+0001
 9.82766036987305E+0001
 9.82751007080078E+0001
 9.82927017211914E+0001
 9.83276977539063E+0001
 9.83323974609375E+0001
 9.83554000854492E+0001
 9.83690032958984E+0001
 9.83662033081055E+0001
 9.83991012573242E+0001
 9.84167022705078E+0001
 9.84292984008789E+0001
 9.84263000488281E+0001
 9.84280014038086E+0001
 9.84439010620117E+0001
 1.00000000000000E+0002
 1.00000000000000E+0002
 9.81917037963867E+0001
 9.81949005126953E+0001
 9.82007980346680E+0001
 9.82014007568359E+0001
 9.82110977172852E+0001
 9.82294998168945E+0001
 9.82870025634766E+0001
 9.82966995239258E+0001
 9.83031997680664E+0001
 9.83552017211914E+0001
 9.83299026489258E+0001
 9.83503036499023E+0001
 9.83733978271484E+0001
 9.83824996948242E+0001
 9.83904037475586E+0001
 9.83795013427734E+0001
 9.84007034301758E+0001
 1.00000000000000E+0002
 1.00000000000000E+0002
 9.81355972290039E+0001
 9.81475982666016E+0001
 9.81454010009766E+0001
 9.81626968383789E+0001
 9.81668014526367E+0001
 9.81843032836914E+0001
 9.82216033935547E+0001
 9.82297973632813E+0001
 9.82828979492188E+0001
 9.82651977539063E+0001
 9.82590026855469E+0001
 9.82755966186523E+0001
 9.82760009765625E+0001
 9.83238983154297E+0001
 9.83125000000000E+0001
 9.83546981811523E+0001
 9.83634033203125E+0001
 1.00000000000000E+0002
 1.00000000000000E+0002
 9.80738983154297E+0001
 9.80865020751953E+0001
 9.81011962890625E+0001
 9.81007995605469E+0001
 9.81184005737305E+0001
 9.81102981567383E+0001
 9.81769027709961E+0001
 9.81939010620117E+0001
 9.82275009155273E+0001
 9.82100982666016E+0001
 9.82490005493164E+0001
 9.82520980834961E+0001
 9.82546997070312E+0001
 9.82558975219726E+0001
 9.82506027221680E+0001
 9.82555007934570E+0001
 9.82604980468750E+0001
 1.00000000000000E+0002
 1.00000000000000E+0002
 9.80316009521484E+0001
 9.80682983398438E+0001
 9.80550003051758E+0001
 9.80522994995117E+0001
 9.80702972412109E+0001
 9.80793991088867E+0001
 9.81041030883789E+0001
 9.81280975341797E+0001
 9.81502990722656E+0001
 9.81747970581055E+0001
 9.81697006225586E+0001
 9.81930999755859E+0001
 9.81727981567383E+0001
 9.82189025878906E+0001
 9.81930007934570E+0001
 9.82276992797852E+0001
 9.81867980957031E+0001
 1.00000000000000E+0002
 1.00000000000000E+0002
 9.79630966186523E+0001
 9.79794998168945E+0001
 9.79932022094727E+0001
 9.80098037719727E+0001
 9.80193023681641E+0001
 9.80468978881836E+0001
 9.80450973510742E+0001
 9.80710983276367E+0001
 9.80933990478516E+0001
 9.80851974487305E+0001
 9.81078033447266E+0001
 9.81148986816406E+0001
 9.81283035278320E+0001
 9.81656036376953E+0001
 9.81513977050781E+0001
 9.81370010375977E+0001
 9.81391983032227E+0001
 1.00000000000000E+0002
 1.00000000000000E+0002
 9.79179992675781E+0001
 9.79162979125977E+0001
 9.79626007080078E+0001
 9.79658966064453E+0001
 9.79731979370117E+0001
 9.80143966674805E+0001
 9.80261001586914E+0001
 9.80279998779297E+0001
 9.80330963134766E+0001
 9.80730972290039E+0001
 9.80550994873047E+0001
 9.80710983276367E+0001
 9.80731964111328E+0001
 9.80949020385742E+0001
 9.80970993041992E+0001
 9.81138000488281E+0001
 9.81136016845703E+0001
 1.00000000000000E+0002
 9.70000000000000E+0001
 9.70000000000000E+0001
 9.78863983154297E+0001
 9.79027481079101E+0001
 9.79207992553711E+0001
 9.79319992065430E+0001
 9.79448013305664E+0001
 9.79709014892578E+0001
 9.79616012573242E+0001
 9.79692993164062E+0001
 9.79953994750977E+0001
 9.80251007080078E+0001
 9.80258026123047E+0001
 9.80299987792969E+0001
 9.80351028442383E+0001
 9.80670013427734E+0001
 9.80895004272461E+0001
 9.70000000000000E+0001
 9.70000000000000E+0001
 9.70000000000000E+0001
 9.70000000000000E+0001
 9.70000000000000E+0001
 9.78429031372070E+0001
 9.78750000000000E+0001
 9.78873977661133E+0001
 9.78712005615234E+0001
 9.78915023803711E+0001
 9.79123001098633E+0001
 9.79232025146484E+0001
 9.79545974731445E+0001
 9.79400024414062E+0001
 9.79348983764648E+0001
 9.79898986816406E+0001
 9.79916000366211E+0001
 9.79738006591797E+0001
 9.70000000000000E+0001
 9.70000000000000E+0001
 9.70000000000000E+0001
 9.70000000000000E+0001
 9.70000000000000E+0001
 9.70000000000000E+0001
 9.70000000000000E+0001
 9.78049011230469E+0001
 9.78127975463867E+0001
 9.78507995605469E+0001
 9.78504028320313E+0001
 9.78561019897461E+0001
 9.78727035522461E+0001
 9.78888015747070E+0001
 9.78833007812500E+0001
 9.78982009887695E+0001
 9.79151000976563E+0001
 9.79285964965820E+0001
 9.79593963623047E+0001
 9.70000000000000E+0001
 9.70000000000000E+0001
 9.70000000000000E+0001
 9.70000000000000E+0001
 9.70000000000000E+0001
 9.70000000000000E+0001
 9.70000000000000E+0001
 9.70000000000000E+0001
 9.77791976928711E+0001
 9.78279037475586E+0001
 9.78040008544922E+0001
 9.78126983642578E+0001
 9.78403015136719E+0001
 9.78330993652344E+0001
 9.78488998413086E+0001
 9.78487014770508E+0001
 9.78555984497070E+0001
 9.78711013793945E+0001
 9.70000000000000E+0001
 9.70000000000000E+0001
 9.70000000000000E+0001
 9.70000000000000E+0001
 9.70000000000000E+0001
 9.70000000000000E+0001
 9.70000000000000E+0001
 9.70000000000000E+0001
 9.70000000000000E+0001
 9.70000000000000E+0001
 9.77382965087891E+0001
 9.77606964111328E+0001
 9.77464981079101E+0001
 9.77718963623047E+0001
 9.77648010253906E+0001
 9.77861022949219E+0001
 9.77995986938477E+0001
 9.78317031860351E+0001
 9.70000000000000E+0001
 9.70000000000000E+0001
 9.70000000000000E+0001
 9.70000000000000E+0001
 9.70000000000000E+0001
 9.70000000000000E+0001
 9.70000000000000E+0001
 9.70000000000000E+0001
 9.70000000000000E+0001
 9.70000000000000E+0001
 9.70000000000000E+0001
 9.70000000000000E+0001
 9.77176971435547E+0001
 9.77173995971680E+0001
 9.77229995727539E+0001
 9.77266006469727E+0001
 9.77397003173828E+0001
 9.77561035156250E+0001
 9.70000000000000E+0001
 9.70000000000000E+0001
 9.70000000000000E+0001
 9.70000000000000E+0001
 9.70000000000000E+0001
 9.70000000000000E+0001
 9.70000000000000E+0001
 9.70000000000000E+0001
 9.70000000000000E+0001
 9.70000000000000E+0001
 9.70000000000000E+0001
 9.70000000000000E+0001
 9.70000000000000E+0001
 9.77157974243164E+0001
 9.76788024902344E+0001
 9.76863021850586E+0001
 9.77307968139649E+0001
 9.77097015380859E+0001
 9.77226028442383E+0001
 9.70000000000000E+0001
 9.70000000000000E+0001
 9.70000000000000E+0001
 9.70000000000000E+0001
 9.70000000000000E+0001
 9.70000000000000E+0001
 9.70000000000000E+0001
 9.70000000000000E+0001
 9.70000000000000E+0001
 9.70000000000000E+0001
 9.70000000000000E+0001
 9.70000000000000E+0001
 9.70000000000000E+0001
 9.70000000000000E+0001
 9.70000000000000E+0001
 9.76419982910156E+0001
 9.76759033203125E+0001
 9.76964035034180E+0001
 9.70000000000000E+0001
 9.70000000000000E+0001
 9.70000000000000E+0001
 9.70000000000000E+0001
 9.70000000000000E+0001
 9.70000000000000E+0001
 9.70000000000000E+0001
 9.70000000000000E+0001
 9.70000000000000E+0001
 9.70000000000000E+0001
 9.70000000000000E+0001
 9.70000000000000E+0001
 9.70000000000000E+0001
 9.70000000000000E+0001
 9.70000000000000E+0001
 9.70000000000000E+0001
 9.70000000000000E+0001
 9.70000000000000E+0001
 9.70000000000000E+0001
 9.70000000000000E+0001
 9.70000000000000E+0001
 9.70000000000000E+0001
 9.70000000000000E+0001
 9.70000000000000E+0001
 9.70000000000000E+0001
 9.70000000000000E+0001
