Input/Plot3/ksat.asc
ncols     22
nrows     62
xllcorner      0.00000000
yllcorner      0.00000000
cellsize      0.50000000
nodata_value -9999
0.5858E-02 0.5858E-02 0.3433E-02 0.7078E-02 0.1000E-03 0.3768E-02 0.1358E-02 0.8583E-03 0.4738E-02 0.8858E-02 0.9358E-02 0.5508E-02 0.1858E-02 0.1113E-02 0.8533E-02 0.1358E-02 0.8583E-03 0.8583E-03 0.1000E-03 0.6298E-02 0.4858E-02 0.4858E-02
0.5858E-02 0.5858E-02 0.3433E-02 0.7078E-02 0.1000E-03 0.3768E-02 0.1358E-02 0.8583E-03 0.4738E-02 0.8858E-02 0.9358E-02 0.5508E-02 0.1858E-02 0.1113E-02 0.8533E-02 0.1358E-02 0.8583E-03 0.8583E-03 0.1000E-03 0.6298E-02 0.4858E-02 0.4858E-02
0.8258E-02 0.8258E-02 0.3358E-02 0.2358E-02 0.6838E-02 0.1358E-02 0.3118E-02 0.7708E-02 0.3583E-02 0.7583E-03 0.2659E-02 0.7913E-02 0.1858E-02 0.3358E-02 0.1963E-02 0.1358E-02 0.3583E-03 0.2643E-02 0.1000E-03 0.3583E-03 0.5408E-02 0.5408E-02
0.2358E-02 0.2358E-02 0.4418E-02 0.8583E-03 0.8865E-02 0.2983E-02 0.3678E-02 0.9358E-02 0.1858E-02 0.3583E-03 0.2358E-02 0.9883E-03 0.1858E-02 0.8593E-02 0.1888E-02 0.8583E-03 0.3583E-03 0.6128E-02 0.1001E-03 0.1878E-02 0.5858E-02 0.5858E-02
0.1858E-02 0.1858E-02 0.8583E-03 0.2358E-02 0.8158E-02 0.7438E-02 0.3583E-03 0.5908E-02 0.3478E-02 0.8583E-03 0.6213E-02 0.1358E-02 0.2398E-02 0.2068E-02 0.9033E-03 0.3583E-03 0.3158E-02 0.1001E-03 0.1001E-03 0.9358E-02 0.5083E-02 0.5083E-02
0.1858E-02 0.1858E-02 0.1838E-02 0.2558E-02 0.1858E-02 0.2558E-02 0.2858E-02 0.5358E-02 0.2858E-02 0.8583E-03 0.3583E-03 0.8233E-02 0.4858E-02 0.1858E-02 0.1358E-02 0.8583E-03 0.3238E-02 0.3333E-03 0.1000E-03 0.6158E-02 0.3518E-02 0.3518E-02
0.8238E-02 0.8238E-02 0.1358E-02 0.5363E-02 0.5858E-02 0.4298E-02 0.4358E-02 0.7658E-02 0.6358E-02 0.9358E-02 0.6383E-02 0.3478E-02 0.7358E-02 0.2858E-02 0.3583E-03 0.8583E-03 0.1358E-02 0.3583E-03 0.1358E-02 0.3583E-03 0.1858E-02 0.1858E-02
0.2358E-02 0.2358E-02 0.6068E-02 0.9358E-02 0.7758E-02 0.7358E-02 0.8433E-02 0.7778E-02 0.5858E-02 0.4858E-02 0.6348E-02 0.4458E-02 0.7933E-02 0.2858E-02 0.3038E-02 0.1858E-02 0.1858E-02 0.1000E-03 0.3278E-02 0.1858E-02 0.4358E-02 0.4358E-02
0.5178E-02 0.5178E-02 0.9238E-02 0.9334E-02 0.8893E-02 0.9068E-02 0.9302E-02 0.8658E-02 0.5858E-02 0.6118E-02 0.6958E-02 0.9118E-02 0.6858E-02 0.2858E-02 0.1358E-02 0.2358E-02 0.2058E-02 0.3583E-03 0.5858E-02 0.4848E-02 0.9358E-02 0.9358E-02
0.6558E-02 0.6558E-02 0.9138E-02 0.4353E-02 0.4608E-02 0.8953E-02 0.8658E-02 0.8058E-02 0.9358E-02 0.9358E-02 0.9358E-02 0.9078E-02 0.5358E-02 0.5068E-02 0.8583E-03 0.2358E-02 0.4258E-02 0.3583E-03 0.2858E-02 0.1358E-02 0.4858E-02 0.4858E-02
0.3358E-02 0.3358E-02 0.3583E-03 0.1000E-03 0.8583E-03 0.8638E-02 0.9248E-02 0.8858E-02 0.9358E-02 0.9358E-02 0.9358E-02 0.9358E-02 0.8678E-02 0.4463E-02 0.5758E-02 0.2715E-02 0.8583E-03 0.1000E-03 0.5398E-02 0.8583E-03 0.2858E-02 0.2858E-02
0.8398E-02 0.8398E-02 0.2158E-02 0.1000E-03 0.8638E-02 0.5158E-02 0.5398E-02 0.8358E-02 0.6033E-02 0.9358E-02 0.8508E-02 0.3998E-02 0.7810E-02 0.9253E-02 0.9358E-02 0.6058E-02 0.8583E-03 0.1433E-03 0.6658E-02 0.1858E-02 0.2358E-02 0.2358E-02
0.2358E-02 0.2358E-02 0.1858E-02 0.9358E-02 0.3583E-03 0.4408E-02 0.8583E-03 0.8713E-02 0.3658E-02 0.9358E-02 0.1283E-02 0.1853E-02 0.8998E-02 0.9358E-02 0.9358E-02 0.9358E-02 0.4358E-02 0.9358E-02 0.8773E-02 0.2658E-02 0.5658E-02 0.5658E-02
0.9358E-02 0.9358E-02 0.9358E-02 0.9358E-02 0.9358E-02 0.5458E-02 0.3583E-03 0.3583E-03 0.5383E-02 0.4498E-02 0.7618E-02 0.1000E-03 0.5310E-02 0.4758E-02 0.9358E-02 0.5928E-02 0.1858E-02 0.1358E-02 0.1858E-02 0.4808E-02 0.4858E-02 0.4858E-02
0.2008E-02 0.2008E-02 0.9358E-02 0.9358E-02 0.9358E-02 0.8863E-02 0.8583E-03 0.9263E-02 0.8158E-02 0.6468E-02 0.8188E-02 0.7048E-02 0.1518E-02 0.1878E-02 0.8583E-03 0.1358E-02 0.5278E-02 0.1708E-02 0.6628E-02 0.8046E-02 0.6883E-02 0.6883E-02
0.6768E-02 0.6768E-02 0.6160E-02 0.6258E-02 0.9358E-02 0.1000E-03 0.6758E-02 0.3583E-03 0.8583E-03 0.1000E-03 0.2858E-02 0.4358E-02 0.5583E-03 0.5023E-02 0.8583E-03 0.3558E-02 0.5123E-02 0.5233E-02 0.3858E-02 0.8583E-03 0.1858E-02 0.1858E-02
0.8583E-03 0.8583E-03 0.1000E-03 0.5558E-02 0.8558E-02 0.3583E-03 0.7558E-02 0.3583E-03 0.8583E-03 0.8583E-03 0.8583E-03 0.3583E-03 0.3583E-03 0.1358E-02 0.2858E-02 0.9103E-02 0.1000E-03 0.3583E-03 0.4358E-02 0.1358E-02 0.1000E-03 0.1000E-03
0.1001E-03 0.1001E-03 0.4513E-02 0.4558E-02 0.9358E-02 0.9358E-02 0.2923E-02 0.3898E-02 0.3583E-03 0.3583E-03 0.8583E-03 0.1000E-03 0.8583E-03 0.1858E-02 0.9058E-02 0.1000E-03 0.1000E-03 0.3583E-03 0.2958E-02 0.1000E-03 0.1858E-02 0.1858E-02
0.5583E-03 0.5583E-03 0.1000E-03 0.9358E-02 0.9358E-02 0.9358E-02 0.1358E-02 0.1358E-02 0.1858E-02 0.1598E-02 0.1358E-02 0.7018E-02 0.1058E-02 0.1358E-02 0.1358E-02 0.3583E-03 0.5383E-03 0.1001E-03 0.1358E-02 0.7783E-02 0.9058E-02 0.9058E-02
0.2558E-02 0.2558E-02 0.1001E-03 0.3158E-02 0.9014E-02 0.4318E-02 0.1001E-03 0.7278E-02 0.8434E-02 0.2708E-02 0.1000E-03 0.4078E-02 0.7758E-02 0.1453E-02 0.4418E-02 0.5218E-02 0.9358E-02 0.3583E-03 0.1858E-02 0.1000E-03 0.3583E-03 0.3583E-03
0.9358E-02 0.9358E-02 0.1000E-03 0.3558E-02 0.9358E-02 0.4258E-02 0.8583E-03 0.1558E-02 0.8583E-03 0.1001E-03 0.1000E-03 0.1368E-02 0.9358E-02 0.2858E-02 0.2638E-02 0.6583E-03 0.9358E-02 0.9262E-02 0.1000E-03 0.3343E-03 0.1028E-02 0.1028E-02
0.5158E-02 0.5158E-02 0.1000E-03 0.9358E-02 0.9358E-02 0.1001E-03 0.3458E-02 0.3753E-02 0.3598E-02 0.1001E-03 0.1168E-02 0.8318E-02 0.9358E-02 0.9308E-02 0.9194E-02 0.9318E-02 0.9358E-02 0.5083E-02 0.1001E-03 0.1858E-02 0.4858E-02 0.4858E-02
0.9193E-02 0.9193E-02 0.2388E-02 0.8258E-02 0.7558E-02 0.1000E-03 0.8478E-02 0.3333E-03 0.4483E-03 0.4633E-04 0.3583E-03 0.1000E-03 0.7558E-02 0.7378E-02 0.9358E-02 0.9358E-02 0.9358E-02 0.8958E-02 0.4858E-02 0.1001E-03 0.3583E-03 0.3583E-03
0.4683E-02 0.4683E-02 0.1001E-03 0.8583E-03 0.5368E-02 0.1001E-03 0.8583E-03 0.3858E-02 0.1858E-02 0.3638E-02 0.6758E-02 0.1358E-02 0.6458E-02 0.5358E-02 0.9358E-02 0.9358E-02 0.9358E-02 0.6183E-03 0.9358E-02 0.1658E-02 0.1358E-02 0.1358E-02
0.6128E-02 0.6128E-02 0.1000E-03 0.8583E-03 0.2383E-02 0.3313E-02 0.2638E-02 0.6168E-02 0.7358E-02 0.6118E-02 0.8978E-02 0.8758E-02 0.8408E-02 0.9358E-02 0.2478E-02 0.9358E-02 0.8833E-02 0.2458E-02 0.3583E-03 0.7183E-02 0.3278E-02 0.3278E-02
0.1358E-02 0.1358E-02 0.5958E-02 0.1858E-02 0.8968E-02 0.8374E-02 0.6158E-02 0.9168E-02 0.8728E-02 0.2358E-02 0.8743E-02 0.9098E-02 0.9058E-02 0.8398E-02 0.5758E-02 0.6418E-02 0.3583E-03 0.1858E-02 0.1000E-03 0.1001E-03 0.1000E-03 0.1000E-03
0.6158E-02 0.6158E-02 0.2908E-02 0.9883E-03 0.1001E-03 0.3378E-02 0.4858E-02 0.5878E-02 0.1000E-03 0.5398E-02 0.8068E-02 0.7358E-02 0.8482E-02 0.5758E-02 0.5858E-02 0.8358E-02 0.5978E-02 0.7873E-02 0.4583E-03 0.3583E-03 0.3883E-02 0.3883E-02
0.1000E-03 0.1000E-03 0.1001E-03 0.4228E-02 0.3858E-02 0.5338E-02 0.4358E-02 0.4358E-02 0.1358E-02 0.3583E-03 0.8583E-03 0.8738E-02 0.7798E-02 0.3883E-02 0.2858E-02 0.3583E-03 0.1001E-03 0.3583E-03 0.3068E-02 0.8608E-02 0.6108E-02 0.6108E-02
0.8698E-02 0.8698E-02 0.1971E-02 0.1528E-02 0.3358E-02 0.4358E-02 0.3968E-02 0.4408E-02 0.2358E-02 0.1358E-02 0.1568E-02 0.9304E-02 0.6858E-02 0.1858E-02 0.2858E-02 0.6583E-03 0.1000E-03 0.1000E-03 0.1001E-03 0.4358E-02 0.3583E-03 0.3583E-03
0.9358E-02 0.9358E-02 0.1889E-02 0.3583E-03 0.6723E-02 0.8773E-02 0.2923E-02 0.3583E-03 0.2358E-02 0.7438E-02 0.1358E-02 0.8758E-02 0.8938E-02 0.8877E-02 0.5858E-02 0.6748E-02 0.3778E-02 0.6558E-02 0.2788E-02 0.2358E-02 0.6773E-02 0.6773E-02
0.7818E-02 0.7818E-02 0.1000E-03 0.1358E-02 0.3583E-03 0.1858E-02 0.2858E-02 0.3058E-02 0.2858E-02 0.6488E-02 0.8408E-02 0.2858E-02 0.8525E-02 0.6858E-02 0.4358E-02 0.9168E-02 0.9358E-02 0.9358E-02 0.9358E-02 0.1358E-02 0.3208E-02 0.3208E-02
0.7678E-02 0.7678E-02 0.1001E-03 0.7198E-02 0.1558E-02 0.1358E-02 0.3583E-03 0.1000E-03 0.4223E-02 0.8583E-03 0.6160E-02 0.8583E-03 0.3583E-03 0.6448E-02 0.3858E-02 0.9168E-02 0.9358E-02 0.9358E-02 0.9358E-02 0.8998E-02 0.1358E-02 0.1358E-02
0.4358E-02 0.4358E-02 0.5358E-02 0.3583E-03 0.4833E-04 0.8583E-03 0.9358E-02 0.3238E-02 0.2858E-02 0.7438E-02 0.2858E-02 0.8583E-03 0.1000E-03 0.5263E-02 0.7768E-02 0.4248E-02 0.9358E-02 0.9358E-02 0.7828E-02 0.5358E-02 0.1078E-02 0.1078E-02
0.5858E-02 0.5858E-02 0.5518E-02 0.3058E-02 0.4283E-03 0.9358E-02 0.9358E-02 0.9358E-02 0.8808E-02 0.5363E-02 0.7018E-02 0.1000E-03 0.6694E-02 0.1358E-02 0.5358E-02 0.5758E-02 0.5408E-02 0.2423E-02 0.1583E-03 0.5858E-02 0.3583E-03 0.3583E-03
0.5858E-02 0.5858E-02 0.7078E-02 0.5083E-02 0.3583E-03 0.2658E-02 0.1001E-03 0.8448E-02 0.6073E-02 0.7708E-02 0.8368E-02 0.1001E-03 0.5858E-02 0.3883E-02 0.8458E-02 0.2923E-02 0.6158E-02 0.1000E-03 0.9358E-02 0.1001E-03 0.1001E-03 0.1001E-03
0.4658E-02 0.4658E-02 0.3858E-02 0.9138E-02 0.2138E-02 0.8583E-03 0.1000E-03 0.5383E-02 0.8098E-02 0.8983E-03 0.1663E-02 0.5713E-02 0.4358E-02 0.6488E-02 0.5558E-02 0.8583E-03 0.1558E-02 0.1000E-03 0.3778E-02 0.7583E-03 0.7918E-02 0.7918E-02
0.8608E-02 0.8608E-02 0.8358E-02 0.8898E-02 0.4358E-02 0.8583E-03 0.5383E-03 0.1283E-02 0.7998E-02 0.1558E-02 0.8583E-03 0.3858E-02 0.6858E-02 0.5218E-02 0.6718E-02 0.4483E-03 0.2638E-02 0.1000E-03 0.3583E-03 0.6758E-02 0.3733E-02 0.3733E-02
0.9088E-02 0.9088E-02 0.9358E-02 0.8768E-02 0.1358E-02 0.4408E-02 0.7998E-02 0.8583E-03 0.4738E-02 0.1858E-02 0.8698E-02 0.4358E-02 0.8338E-02 0.9278E-02 0.9358E-02 0.9358E-02 0.3583E-03 0.1963E-02 0.8503E-02 0.2798E-02 0.3088E-02 0.3088E-02
0.9058E-02 0.9058E-02 0.9358E-02 0.9048E-02 0.2383E-02 0.8583E-03 0.1658E-02 0.1001E-03 0.1000E-03 0.1001E-03 0.4858E-02 0.8862E-02 0.6358E-02 0.8028E-02 0.9270E-02 0.5383E-03 0.1858E-02 0.1538E-02 0.5893E-02 0.9033E-03 0.4248E-02 0.4248E-02
0.8358E-02 0.8358E-02 0.7692E-02 0.8798E-02 0.9358E-02 0.6358E-02 0.1358E-02 0.8083E-03 0.8583E-03 0.1358E-02 0.8118E-02 0.8958E-02 0.4858E-02 0.1358E-02 0.8408E-02 0.8583E-03 0.1358E-02 0.2383E-02 0.9278E-02 0.3858E-02 0.3573E-02 0.3573E-02
0.8658E-02 0.8658E-02 0.8458E-02 0.8980E-02 0.8679E-02 0.8278E-02 0.6208E-02 0.3583E-02 0.2358E-02 0.2858E-02 0.3578E-02 0.5858E-02 0.5158E-02 0.1000E-03 0.9358E-02 0.9358E-02 0.3828E-02 0.3053E-02 0.9358E-02 0.9358E-02 0.9358E-02 0.9358E-02
0.8908E-02 0.8908E-02 0.8958E-02 0.9148E-02 0.8658E-02 0.8428E-02 0.7558E-02 0.2858E-02 0.4078E-02 0.2358E-02 0.1001E-03 0.6358E-02 0.8583E-03 0.7553E-02 0.9358E-02 0.9358E-02 0.9178E-02 0.9113E-02 0.9358E-02 0.9358E-02 0.9358E-02 0.9358E-02
0.9270E-02 0.9270E-02 0.8458E-02 0.8858E-02 0.8858E-02 0.9058E-02 0.8858E-02 0.7108E-02 0.3658E-02 0.2358E-02 0.1001E-03 0.3583E-03 0.1000E-03 0.8818E-02 0.9358E-02 0.9358E-02 0.9358E-02 0.9358E-02 0.7818E-02 0.5758E-02 0.6498E-02 0.6498E-02
0.8194E-02 0.8194E-02 0.9328E-02 0.8858E-02 0.8458E-02 0.9330E-02 0.8358E-02 0.4948E-02 0.2923E-02 0.1858E-02 0.3583E-03 0.6283E-03 0.1358E-02 0.3583E-03 0.9358E-02 0.9358E-02 0.9358E-02 0.2848E-02 0.4558E-02 0.1000E-03 0.1001E-03 0.1001E-03
0.7858E-02 0.7858E-02 0.8658E-02 0.8358E-02 0.7858E-02 0.7758E-02 0.6658E-02 0.4358E-02 0.2358E-02 0.1858E-02 0.1000E-03 0.1000E-03 0.1001E-03 0.3848E-02 0.9358E-02 0.9358E-02 0.9358E-02 0.8462E-02 0.5858E-02 0.1001E-03 0.1000E-03 0.1000E-03
0.7858E-02 0.7858E-02 0.7658E-02 0.9358E-02 0.9358E-02 0.9358E-02 0.9308E-02 0.5878E-02 0.3583E-03 0.1358E-02 0.7173E-02 0.9433E-03 0.1001E-03 0.2923E-02 0.8098E-02 0.9228E-02 0.9358E-02 0.9358E-02 0.5858E-02 0.1001E-03 0.9358E-02 0.9358E-02
0.5488E-02 0.5488E-02 0.8953E-02 0.9358E-02 0.9358E-02 0.9358E-02 0.9358E-02 0.9358E-02 0.3583E-03 0.2303E-02 0.2683E-02 0.2358E-02 0.1001E-03 0.3858E-02 0.5858E-02 0.4358E-02 0.6028E-02 0.7658E-02 0.6908E-02 0.1000E-03 0.1000E-03 0.1000E-03
0.4358E-02 0.4358E-02 0.3358E-02 0.3258E-02 0.9358E-02 0.9358E-02 0.9358E-02 0.9308E-02 0.1518E-02 0.8583E-03 0.1000E-03 0.4903E-02 0.3583E-03 0.4358E-02 0.2858E-02 0.9183E-02 0.4408E-02 0.5858E-02 0.9326E-02 0.3458E-02 0.1858E-02 0.1858E-02
0.5858E-02 0.5858E-02 0.4398E-02 0.9358E-02 0.9358E-02 0.9358E-02 0.9358E-02 0.1358E-02 0.1858E-02 0.8583E-03 0.2158E-02 0.7158E-02 0.8583E-03 0.2358E-02 0.6173E-02 0.8418E-02 0.1358E-02 0.7328E-02 0.8058E-02 0.5678E-02 0.7748E-02 0.7748E-02
0.4358E-02 0.4358E-02 0.1358E-02 0.1001E-03 0.8583E-03 0.4993E-02 0.8638E-02 0.1518E-02 0.1933E-02 0.1358E-02 0.3583E-03 0.6593E-02 0.2498E-02 0.3858E-02 0.8898E-02 0.8162E-02 0.1858E-02 0.1998E-02 0.6858E-02 0.5858E-02 0.6508E-02 0.6508E-02
0.4358E-02 0.4358E-02 0.6178E-02 0.1858E-02 0.2858E-02 0.4858E-02 0.3583E-03 0.1358E-02 0.3858E-02 0.1858E-02 0.8583E-03 0.4858E-02 0.4358E-02 0.3858E-02 0.8978E-02 0.7588E-02 0.2858E-02 0.8583E-03 0.1858E-02 0.1000E-03 0.3583E-03 0.3583E-03
0.3858E-02 0.3858E-02 0.2008E-02 0.1858E-02 0.3858E-02 0.4358E-02 0.5358E-02 0.3598E-02 0.2858E-02 0.8683E-02 0.1000E-03 0.2358E-02 0.3858E-02 0.9358E-02 0.9058E-02 0.5858E-02 0.3858E-02 0.2358E-02 0.8583E-03 0.1378E-02 0.6283E-03 0.6283E-03
0.4358E-02 0.4358E-02 0.3578E-02 0.3468E-02 0.5198E-02 0.4358E-02 0.4398E-02 0.3833E-02 0.2858E-02 0.1358E-02 0.1858E-02 0.2908E-02 0.2858E-02 0.7833E-02 0.6038E-02 0.5658E-02 0.4858E-02 0.4238E-02 0.5948E-02 0.3583E-03 0.8583E-03 0.8583E-03
0.9358E-02 0.9358E-02 0.9358E-02 0.9983E-03 0.2858E-02 0.1858E-02 0.1518E-02 0.1358E-02 0.2858E-02 0.6953E-02 0.2858E-02 0.2083E-02 0.1858E-02 0.9033E-03 0.1658E-02 0.4858E-02 0.8008E-02 0.2858E-02 0.8688E-02 0.3478E-02 0.2083E-02 0.2083E-02
0.9358E-02 0.9358E-02 0.9358E-02 0.4678E-02 0.2358E-02 0.8583E-03 0.8583E-03 0.1000E-03 0.1858E-02 0.1858E-02 0.2358E-02 0.3583E-03 0.2898E-02 0.3583E-03 0.8583E-03 0.3358E-02 0.6858E-02 0.6858E-02 0.8858E-02 0.7438E-02 0.6208E-02 0.6208E-02
0.9358E-02 0.9358E-02 0.9358E-02 0.1001E-03 0.2358E-02 0.1558E-02 0.3583E-03 0.3583E-03 0.8338E-02 0.1858E-02 0.1558E-02 0.1358E-02 0.8583E-03 0.1000E-03 0.1858E-02 0.2858E-02 0.6858E-02 0.5398E-02 0.8828E-02 0.2858E-02 0.8583E-03 0.8583E-03
0.9358E-02 0.9358E-02 0.3758E-02 0.8583E-03 0.2358E-02 0.1858E-02 0.3583E-03 0.1858E-02 0.5873E-02 0.2358E-02 0.3858E-02 0.3358E-02 0.3578E-02 0.5218E-02 0.1358E-02 0.3578E-02 0.4858E-02 0.5958E-02 0.1358E-02 0.4358E-02 0.6858E-02 0.6858E-02
0.5358E-02 0.5358E-02 0.2558E-02 0.1358E-02 0.1858E-02 0.2158E-02 0.8583E-03 0.1858E-02 0.5623E-02 0.3858E-02 0.2858E-02 0.2358E-02 0.5848E-02 0.9358E-02 0.6808E-02 0.3283E-02 0.2858E-02 0.4903E-02 0.1858E-02 0.1358E-02 0.4358E-02 0.4358E-02
0.5358E-02 0.5358E-02 0.1458E-02 0.3583E-03 0.8583E-03 0.1358E-02 0.4678E-02 0.4858E-02 0.4358E-02 0.4858E-02 0.1358E-02 0.1000E-03 0.9358E-02 0.9358E-02 0.9358E-02 0.6118E-02 0.2858E-02 0.4358E-02 0.8583E-03 0.8583E-03 0.4618E-02 0.4618E-02
0.9278E-02 0.9278E-02 0.7183E-03 0.2858E-02 0.1858E-02 0.2358E-02 0.6418E-02 0.6358E-02 0.5758E-02 0.6358E-02 0.5358E-02 0.7708E-02 0.9358E-02 0.9358E-02 0.9358E-02 0.8764E-02 0.8968E-02 0.4858E-02 0.2918E-02 0.4358E-02 0.5013E-02 0.5013E-02
0.8838E-02 0.8838E-02 0.8583E-03 0.4858E-02 0.1358E-02 0.2358E-02 0.5858E-02 0.4358E-02 0.4858E-02 0.7608E-02 0.5358E-02 0.2358E-02 0.5578E-02 0.9358E-02 0.7758E-02 0.8818E-02 0.9358E-02 0.9358E-02 0.9172E-02 0.6858E-02 0.6308E-02 0.6308E-02
0.8838E-02 0.8838E-02 0.8583E-03 0.4858E-02 0.1358E-02 0.2358E-02 0.5858E-02 0.4358E-02 0.4858E-02 0.7608E-02 0.5358E-02 0.2358E-02 0.5578E-02 0.9358E-02 0.7758E-02 0.8818E-02 0.9358E-02 0.9358E-02 0.9172E-02 0.6858E-02 0.6308E-02 0.6308E-02
