Input/Plot3/p3pavcoverveg.asc
ncols         22
nrows         62
xllcorner     0.00000000
yllcorner     0.00000000
cellsize      0.5
nodata_value  -9999
 35 35 59.25 22.7999992370605 95 55.9000015258789 80 85 46.1999969482422 5 0 38.5 75 82.4500045776367 8.25 80 85 85 95 30.6000003814697 45 45
 35 35 59.25 22.7999992370605 95 55.9000015258789 80 85 46.1999969482422 5 0 38.5 75 82.4500045776367 8.25 80 85 85 95 30.6000003814697 45 45
 11 11 60 70 25.2000007629395 80 62.3999977111816 16.5 57.75 86 66.9899978637695 14.4499998092651 75 60 73.9499969482422 80 90 67.1500015258789 95 90 39.5 39.5
 70 70 49.3999977111816 85 4.92999982833862 63.75 56.7999992370605 0 75 90 70 83.6999969482422 75 7.65000009536743 74.6999969482422 85 90 32.2999992370605 100 74.8000030517578 35 35
 75 75 85 70 12 19.1999988555908 90 34.5 58.8000030517578 85 31.4500007629395 80 69.5999984741211 72.9000015258789 84.5499954223633 90 62 100 100 0 42.75 42.75
 75 75 75.1999969482422 68 75 68 65 40 65 85 90 11.25 45 75 80 85 61.2000007629395 90.25 95 32 58.4000015258789 58.4000015258789
 11.1999998092651 11.1999998092651 80 39.9500007629395 35 50.6000022888184 50 17 30 0 29.75 58.7999992370605 20 65 90 85 80 90 80 90 75 75
 70 70 32.9000015258789 0 16 20 9.25 15.8000001907349 35 45 30.1000003814697 49 14.25 65 63.2000007629395 75 75 95 60.7999992370605 75 50 50
 41.7999992370605 41.7999992370605 1.19999992847443 0.239999994635582 4.65000009536743 2.89999985694885 0.560000002384186 7 35 32.4000015258789 24 2.39999985694885 25 65 80 70 73 90 35 45.0999984741211 0 0
 28 28 2.20000004768372 50.0499992370605 47.5 4.05000019073486 7 13 0 0 0 2.79999995231628 40 42.9000015258789 85 70 51 90 65 80 45 45
 60 60 90 95 85 7.19999980926514 1.10000002384186 5 0 0 0 0 6.80000019073486 48.9500007629395 36 66.4300003051758 85 95 39.6000022888184 85 65 65
 9.59999942779541 9.59999942779541 72 97 7.19999980926514 42 39.5999984741211 10 33.25 0 8.5 53.6000022888184 15.4800004959106 1.04999995231628 0 33 85 92.1500015258789 27.0000019073486 75 70 70
 70 70 75 0 90 49.5 85 6.45000028610229 57 0 80.75 75.0500030517578 3.59999990463257 0 0 0 50 0 5.84999990463257 67 37 37
 0 0 0 0 0 39 90 90 39.7499961853027 48.6000022888184 17.3999996185303 95 40.4799995422363 46 0 34.2999992370605 75 80 75 45.5 45 45
 73.5 73.5 0 0 0 4.94999980926514 85 0.949999988079071 12 28.8999996185303 11.6999998092651 23.0999984741211 78.4000015258789 74.8000030517578 85 80 40.7999992370605 76.5 27.2999992370605 13.1199998855591 24.75 24.75
 25.8999996185303 25.8999996185303 31.9799995422363 31 0 97 26 90 85 95 65 50 88 43.3499984741211 85 58 42.3499984741211 41.25 55 85 75 75
 85 85 97 38 8 90 18 90 85 85 85 90 90 80 65 2.54999995231628 95 90 50 80 95 95
 100 100 48.4500007629395 48 0 0 64.3499984741211 54.5999984741211 90 90 85 95 85 75 3 95 95 90 64 95 75 75
 88 88 95 0 0 0 80 80 75 77.6000061035156 80 23.3999996185303 83 80 80 90 88.2000045776367 100 80 15.7499990463257 3 3
 68 68 100 62 3.43999981880188 50.4000015258789 100 20.7999992370605 9.23999977111816 66.5 95 52.8000030517578 16 79.0500030517578 49.3999977111816 41.4000015258789 0 90 75 95 90 90
 0 0 94 58 0 51 85 78 85 100 95 79.9000015258789 0 65 67.1999969482422 87 0 0.959999978542328 95 90.2399978637695 83.3000030517578 83.3000030517578
 42 42 97 0 0 100 58.9999961853027 56.0499992370605 57.5999984741211 100 81.9000015258789 10.3999996185303 0 0.5 1.63999998569489 0.399999976158142 0 42.75 100 75 45 45
 1.64999997615814 1.64999997615814 69.6999969482422 11 18 97 8.80000019073486 90.25 89.0999984741211 93.1199951171875 90 95 18 19.7999992370605 0 0 0 4 45 100 90 90
 46.75 46.75 100 85 39.8999977111816 100 85 55 75 57.2000007629395 26 80 29 40 0 0 0 87.4000015258789 0 77 80 80
 32.2999992370605 32.2999992370605 95 85 69.75 60.4500007629395 67.1999969482422 31.8999996185303 20 32.4000015258789 3.79999995231628 6 9.5 0 68.8000030517578 0 5.25 69 90 21.75 60.7999992370605 60.7999992370605
 80 80 34 75 3.89999985694885 9.84000015258789 32 1.89999997615814 6.29999971389771 70 6.15000009536743 2.59999990463257 3 9.59999942779541 36 29.4000015258789 90 75 95 100 95 95
 32 32 64.5 83.6999969482422 100 59.7999992370605 45 34.7999992370605 95 39.5999984741211 12.9000005722046 20 8.76000022888184 36 35 10 33.7999992370605 14.8500003814697 89 90 54.75 54.75
 95 95 100 51.2999992370605 55 40.2000007629395 50 50 80 90 85 6.19999980926514 15.5999994277954 54.75 65 90 100 90 62.9000015258789 7.5 32.5 32.5
 6.59999990463257 6.59999990463257 73.8699951171875 78.3000030517578 60 50 53.9000015258789 49.5000038146973 70 80 77.9000015258789 0.540000021457672 25 75 65 87 95 95.0600051879883 100 50 90 90
 0 0 74.6899948120117 90 26.3500003814697 5.84999990463257 64.3499984741211 90 70 19.1999988555908 80 6 4.19999980926514 4.80999994277954 35 26.0999984741211 55.7999992370605 28 65.7000045776367 70 25.8500003814697 25.8500003814697
 15.3999996185303 15.3999996185303 95 80 90 75 65 63 65 28.6999988555908 9.5 65 8.32999992370605 25 50 1.89999997615814 0 0 0 80 61.5 61.5
 16.7999992370605 16.7999992370605 100 21.6000003814697 78 80 90 95 51.3500022888184 85 31.9799995422363 85 90 29.1000003814697 55 1.89999997615814 0 0 0 3.59999990463257 80 80
 50 50 40 90 93.0999984741211 85 0 61.2000007629395 65 19.1999988555908 65 85 95 40.9500007629395 15.8999996185303 51.1000022888184 0 0 15.3000001907349 40 82.8000030517578 82.8000030517578
 35 35 38.3999977111816 63 89.3000030517578 0 0 0 5.5 39.9500007629395 23.3999996185303 95 26.6399993896484 80 40 36 39.5 69.3499984741211 92 35 90 90
 35 35 22.7999992370605 42.75 90 67 100 9.09999942779541 32.8500022888184 16.5 9.89999961853027 100 35 54.75 9 64.3499984741211 32 95 0 100 100 100
 47 47 55 2.20000004768372 72.1999969482422 85 95 39.7499961853027 12.6000003814697 84.5999984741211 76.9499969482422 36.4500007629395 50 28.6999988555908 38 85 78 94 55.7999992370605 86 14.4000005722046 14.4000005722046
 7.5 7.5 10 4.59999990463257 50 85 88.2000045776367 80.75 13.6000003814697 78 85 55 25 41.4000015258789 26.4000015258789 89.0999984741211 67.1999969482422 96 90 26 56.25 56.25
 2.69999980926514 2.69999980926514 0 5.89999961853027 80 49.5 13.5999994277954 85 46.1999969482422 75 6.59999990463257 50 10.1999998092651 0.799999952316284 0 0 90 73.9499969482422 8.55000019073486 65.5999984741211 62.7000007629395 62.7000007629395
 3 3 0 3.09999990463257 69.75 85 77 100 95 100 45 4.96000003814697 30 13.3000001907349 0.879999995231628 88.2000045776367 75 78.2000045776367 34.6499977111816 84.5499954223633 51.1000022888184 51.1000022888184
 10 10 16.6599998474121 5.59999990463257 0 30 80 85.5 85 80 12.3999996185303 4 45 80 9.5 85 80 69.75 0.799999952316284 55 57.8499984741211 57.8499984741211
 7 7 9 3.77999997138977 6.78999996185303 10.8000001907349 31.4999980926514 57.75 70 65 57.7999992370605 35 42 95 0 0 55.3000030517578 63.0500030517578 0 0 0 0
 4.5 4.5 4 2.09999990463257 7 9.30000019073486 18 65 52.7999992370605 70 100 30 85 18.0499992370605 0 0 1.79999995231628 2.45000004768372 0 0 0 0
 0.879999995231628 0.879999995231628 9 5 5 3 5 22.5 57 70 100 90 95 5.40000009536743 0 0 0 0 15.3999996185303 36 28.6000003814697 28.6000003814697
 11.6400003433228 11.6400003433228 0.299999982118607 5 9 0.280000001192093 10 44.1000022888184 64.3499984741211 75 90 87.3000030517578 80 90 0 0 0 65.0999984741211 48 97 99 99
 15 15 7 10 15 16 27 50 70 75 95 95 100 55.0999984741211 0 0 0 8.96000003814697 35 100 95 95
 15 15 17 0 0 0 0.5 34.7999992370605 90 80 21.8500003814697 84.1500015258789 100 64.3499984741211 12.5999994277954 1.29999995231628 0 0 35 100 0 0
 38.7000007629395 38.7000007629395 4.05000019073486 0 0 0 0 0 90 70.5499954223633 66.75 70 100 55 35 50 33.2999992370605 17 24.5 95 97 97
 50 50 60 61 0 0 0 0.5 78.4000015258789 85 94.0500030517578 44.5499992370605 90 50 65 1.75 49.5 35 0.319999992847443 59 75 75
 35 35 49.5999984741211 0 0 0 0 80 75 85 72 22 85 70 31.8500003814697 9.39999961853027 80 20.2999992370605 13 36.7999992370605 16.1000003814697 16.1000003814697
 50 50 80 100 85 43.6500015258789 7.19999980926514 78.4000015258789 74.25 80 90 27.6500015258789 68.5999984741211 55 4.59999990463257 11.960000038147 75 73.5999984741211 25 35 28.5000019073486 28.5000019073486
 50 50 31.7999992370605 75 65 45 90 80 55 75 85 45 50 55 3.79999995231628 17.6999988555908 65 85 75 95 90 90
 55 55 73.5 75 55 50 40 57.5999984741211 65 6.75000047683716 95 70 55 0 3 35 55 70 85 79.7999954223633 87.3000030517578 87.3000030517578
 50 50 57.7999992370605 58.9000015258789 41.5999984741211 50 49.5999984741211 55.2499961853027 65 80 75 64.5 65 15.25 33.2000007629395 37 45 51.1999969482422 34.0999984741211 90 85 85
 0 0 0 83.5999984741211 65 75 78.4000015258789 80 65 24.0500011444092 65 72.75 75 84.5499954223633 77 45 13.5000009536743 65 6.70000028610229 58.8000030517578 72.75 72.75
 0 0 0 46.7999992370605 70 85 85 95 75 75 70 90 64.5999984741211 90 85 60 25 25 5 19.1999988555908 31.5 31.5
 0 0 0 100 70 78 90 90 10.1999998092651 75 78 80 85 95 75 65 25 39.5999984741211 5.29999971389771 65 85 85
 0 0 56 85 70 75 90 75 34.8499984741211 70 55 60 57.7999992370605 41.4000015258789 80 57.7999992370605 45 34 80 50 25 25
 40 40 68 80 75 72 85 75 37.3499984741211 55 65 70 35.0999984741211 0 25.5 60.75 65 44.5499992370605 75 80 50 50
 40 40 79 90 85 80 46.8000030517578 45 50 45 80 95 0 0 0 32.4000015258789 65 50 85 85 47.4000015258789 47.4000015258789
 0.799999952316284 0.799999952316284 86.4000015258789 65 75 70 29.4000015258789 30 36 30 40 16.5 0 0 0 5.94000005722046 3.89999985694885 45 64.4000015258789 50 43.4500007629395 43.4500007629395
 5.19999980926514 5.19999980926514 85 45 80 70 35 50 45 17.5 40 70 37.7999992370605 0 16 5.40000009536743 0 0 1.86000001430511 25 30.5 30.5
 5.19999980926514 5.19999980926514 85 45 80 70 35 50 45 17.5 40 70 37.7999992370605 0 16 5.40000009536743 0 0 1.86000001430511 25 30.5 30.5
