Input/Plot3/pave.asc
ncols     22
nrows     62
xllcorner      0.00000000
yllcorner      0.00000000
cellsize      0.50000000
nodata_value -9999
0.3500E-02 0.3500E-02 0.5925E-02 0.2280E-02 0.9500E-02 0.5590E-02 0.8000E-02 0.8500E-02 0.4620E-02 0.5000E-03 0.0000E+00 0.3850E-02 0.7500E-02 0.8245E-02 0.8250E-03 0.8000E-02 0.8500E-02 0.8500E-02 0.9500E-02 0.3060E-02 0.4500E-02 0.4500E-02
0.3500E-02 0.3500E-02 0.5925E-02 0.2280E-02 0.9500E-02 0.5590E-02 0.8000E-02 0.8500E-02 0.4620E-02 0.5000E-03 0.0000E+00 0.3850E-02 0.7500E-02 0.8245E-02 0.8250E-03 0.8000E-02 0.8500E-02 0.8500E-02 0.9500E-02 0.3060E-02 0.4500E-02 0.4500E-02
0.1100E-02 0.1100E-02 0.6000E-02 0.7000E-02 0.2520E-02 0.8000E-02 0.6240E-02 0.1650E-02 0.5775E-02 0.8600E-02 0.6699E-02 0.1445E-02 0.7500E-02 0.6000E-02 0.7395E-02 0.8000E-02 0.9000E-02 0.6715E-02 0.9500E-02 0.9000E-02 0.3950E-02 0.3950E-02
0.7000E-02 0.7000E-02 0.4940E-02 0.8500E-02 0.4930E-03 0.6375E-02 0.5680E-02 0.0000E+00 0.7500E-02 0.9000E-02 0.7000E-02 0.8370E-02 0.7500E-02 0.7650E-03 0.7470E-02 0.8500E-02 0.9000E-02 0.3230E-02 0.1000E-01 0.7480E-02 0.3500E-02 0.3500E-02
0.7500E-02 0.7500E-02 0.8500E-02 0.7000E-02 0.1200E-02 0.1920E-02 0.9000E-02 0.3450E-02 0.5880E-02 0.8500E-02 0.3145E-02 0.8000E-02 0.6960E-02 0.7290E-02 0.8455E-02 0.9000E-02 0.6200E-02 0.1000E-01 0.1000E-01 0.0000E+00 0.4275E-02 0.4275E-02
0.7500E-02 0.7500E-02 0.7520E-02 0.6800E-02 0.7500E-02 0.6800E-02 0.6500E-02 0.4000E-02 0.6500E-02 0.8500E-02 0.9000E-02 0.1125E-02 0.4500E-02 0.7500E-02 0.8000E-02 0.8500E-02 0.6120E-02 0.9025E-02 0.9500E-02 0.3200E-02 0.5840E-02 0.5840E-02
0.1120E-02 0.1120E-02 0.8000E-02 0.3995E-02 0.3500E-02 0.5060E-02 0.5000E-02 0.1700E-02 0.3000E-02 0.0000E+00 0.2975E-02 0.5880E-02 0.2000E-02 0.6500E-02 0.9000E-02 0.8500E-02 0.8000E-02 0.9000E-02 0.8000E-02 0.9000E-02 0.7500E-02 0.7500E-02
0.7000E-02 0.7000E-02 0.3290E-02 0.0000E+00 0.1600E-02 0.2000E-02 0.9250E-03 0.1580E-02 0.3500E-02 0.4500E-02 0.3010E-02 0.4900E-02 0.1425E-02 0.6500E-02 0.6320E-02 0.7500E-02 0.7500E-02 0.9500E-02 0.6080E-02 0.7500E-02 0.5000E-02 0.5000E-02
0.4180E-02 0.4180E-02 0.1200E-03 0.2400E-04 0.4650E-03 0.2900E-03 0.5600E-04 0.7000E-03 0.3500E-02 0.3240E-02 0.2400E-02 0.2400E-03 0.2500E-02 0.6500E-02 0.8000E-02 0.7000E-02 0.7300E-02 0.9000E-02 0.3500E-02 0.4510E-02 0.0000E+00 0.0000E+00
0.2800E-02 0.2800E-02 0.2200E-03 0.5005E-02 0.4750E-02 0.4050E-03 0.7000E-03 0.1300E-02 0.0000E+00 0.0000E+00 0.0000E+00 0.2800E-03 0.4000E-02 0.4290E-02 0.8500E-02 0.7000E-02 0.5100E-02 0.9000E-02 0.6500E-02 0.8000E-02 0.4500E-02 0.4500E-02
0.6000E-02 0.6000E-02 0.9000E-02 0.9500E-02 0.8500E-02 0.7200E-03 0.1100E-03 0.5000E-03 0.0000E+00 0.0000E+00 0.0000E+00 0.0000E+00 0.6800E-03 0.4895E-02 0.3600E-02 0.6643E-02 0.8500E-02 0.9500E-02 0.3960E-02 0.8500E-02 0.6500E-02 0.6500E-02
0.9600E-03 0.9600E-03 0.7200E-02 0.9700E-02 0.7200E-03 0.4200E-02 0.3960E-02 0.1000E-02 0.3325E-02 0.0000E+00 0.8500E-03 0.5360E-02 0.1548E-02 0.1050E-03 0.0000E+00 0.3300E-02 0.8500E-02 0.9215E-02 0.2700E-02 0.7500E-02 0.7000E-02 0.7000E-02
0.7000E-02 0.7000E-02 0.7500E-02 0.0000E+00 0.9000E-02 0.4950E-02 0.8500E-02 0.6450E-03 0.5700E-02 0.0000E+00 0.8075E-02 0.7505E-02 0.3600E-03 0.0000E+00 0.0000E+00 0.0000E+00 0.5000E-02 0.0000E+00 0.5850E-03 0.6700E-02 0.3700E-02 0.3700E-02
0.0000E+00 0.0000E+00 0.0000E+00 0.0000E+00 0.0000E+00 0.3900E-02 0.9000E-02 0.9000E-02 0.3975E-02 0.4860E-02 0.1740E-02 0.9500E-02 0.4048E-02 0.4600E-02 0.0000E+00 0.3430E-02 0.7500E-02 0.8000E-02 0.7500E-02 0.4550E-02 0.4500E-02 0.4500E-02
0.7350E-02 0.7350E-02 0.0000E+00 0.0000E+00 0.0000E+00 0.4950E-03 0.8500E-02 0.9500E-04 0.1200E-02 0.2890E-02 0.1170E-02 0.2310E-02 0.7840E-02 0.7480E-02 0.8500E-02 0.8000E-02 0.4080E-02 0.7650E-02 0.2730E-02 0.1312E-02 0.2475E-02 0.2475E-02
0.2590E-02 0.2590E-02 0.3198E-02 0.3100E-02 0.0000E+00 0.9700E-02 0.2600E-02 0.9000E-02 0.8500E-02 0.9500E-02 0.6500E-02 0.5000E-02 0.8800E-02 0.4335E-02 0.8500E-02 0.5800E-02 0.4235E-02 0.4125E-02 0.5500E-02 0.8500E-02 0.7500E-02 0.7500E-02
0.8500E-02 0.8500E-02 0.9700E-02 0.3800E-02 0.8000E-03 0.9000E-02 0.1800E-02 0.9000E-02 0.8500E-02 0.8500E-02 0.8500E-02 0.9000E-02 0.9000E-02 0.8000E-02 0.6500E-02 0.2550E-03 0.9500E-02 0.9000E-02 0.5000E-02 0.8000E-02 0.9500E-02 0.9500E-02
0.1000E-01 0.1000E-01 0.4845E-02 0.4800E-02 0.0000E+00 0.0000E+00 0.6435E-02 0.5460E-02 0.9000E-02 0.9000E-02 0.8500E-02 0.9500E-02 0.8500E-02 0.7500E-02 0.3000E-03 0.9500E-02 0.9500E-02 0.9000E-02 0.6400E-02 0.9500E-02 0.7500E-02 0.7500E-02
0.8800E-02 0.8800E-02 0.9500E-02 0.0000E+00 0.0000E+00 0.0000E+00 0.8000E-02 0.8000E-02 0.7500E-02 0.7760E-02 0.8000E-02 0.2340E-02 0.8300E-02 0.8000E-02 0.8000E-02 0.9000E-02 0.8820E-02 0.1000E-01 0.8000E-02 0.1575E-02 0.3000E-03 0.3000E-03
0.6800E-02 0.6800E-02 0.1000E-01 0.6200E-02 0.3440E-03 0.5040E-02 0.1000E-01 0.2080E-02 0.9240E-03 0.6650E-02 0.9500E-02 0.5280E-02 0.1600E-02 0.7905E-02 0.4940E-02 0.4140E-02 0.0000E+00 0.9000E-02 0.7500E-02 0.9500E-02 0.9000E-02 0.9000E-02
0.0000E+00 0.0000E+00 0.9400E-02 0.5800E-02 0.0000E+00 0.5100E-02 0.8500E-02 0.7800E-02 0.8500E-02 0.1000E-01 0.9500E-02 0.7990E-02 0.0000E+00 0.6500E-02 0.6720E-02 0.8700E-02 0.0000E+00 0.9600E-04 0.9500E-02 0.9024E-02 0.8330E-02 0.8330E-02
0.4200E-02 0.4200E-02 0.9700E-02 0.0000E+00 0.0000E+00 0.1000E-01 0.5900E-02 0.5605E-02 0.5760E-02 0.1000E-01 0.8190E-02 0.1040E-02 0.0000E+00 0.5000E-04 0.1640E-03 0.4000E-04 0.0000E+00 0.4275E-02 0.1000E-01 0.7500E-02 0.4500E-02 0.4500E-02
0.1650E-03 0.1650E-03 0.6970E-02 0.1100E-02 0.1800E-02 0.9700E-02 0.8800E-03 0.9025E-02 0.8910E-02 0.9312E-02 0.9000E-02 0.9500E-02 0.1800E-02 0.1980E-02 0.0000E+00 0.0000E+00 0.0000E+00 0.4000E-03 0.4500E-02 0.1000E-01 0.9000E-02 0.9000E-02
0.4675E-02 0.4675E-02 0.1000E-01 0.8500E-02 0.3990E-02 0.1000E-01 0.8500E-02 0.5500E-02 0.7500E-02 0.5720E-02 0.2600E-02 0.8000E-02 0.2900E-02 0.4000E-02 0.0000E+00 0.0000E+00 0.0000E+00 0.8740E-02 0.0000E+00 0.7700E-02 0.8000E-02 0.8000E-02
0.3230E-02 0.3230E-02 0.9500E-02 0.8500E-02 0.6975E-02 0.6045E-02 0.6720E-02 0.3190E-02 0.2000E-02 0.3240E-02 0.3800E-03 0.6000E-03 0.9500E-03 0.0000E+00 0.6880E-02 0.0000E+00 0.5250E-03 0.6900E-02 0.9000E-02 0.2175E-02 0.6080E-02 0.6080E-02
0.8000E-02 0.8000E-02 0.3400E-02 0.7500E-02 0.3900E-03 0.9840E-03 0.3200E-02 0.1900E-03 0.6300E-03 0.7000E-02 0.6150E-03 0.2600E-03 0.3000E-03 0.9600E-03 0.3600E-02 0.2940E-02 0.9000E-02 0.7500E-02 0.9500E-02 0.1000E-01 0.9500E-02 0.9500E-02
0.3200E-02 0.3200E-02 0.6450E-02 0.8370E-02 0.1000E-01 0.5980E-02 0.4500E-02 0.3480E-02 0.9500E-02 0.3960E-02 0.1290E-02 0.2000E-02 0.8760E-03 0.3600E-02 0.3500E-02 0.1000E-02 0.3380E-02 0.1485E-02 0.8900E-02 0.9000E-02 0.5475E-02 0.5475E-02
0.9500E-02 0.9500E-02 0.1000E-01 0.5130E-02 0.5500E-02 0.4020E-02 0.5000E-02 0.5000E-02 0.8000E-02 0.9000E-02 0.8500E-02 0.6200E-03 0.1560E-02 0.5475E-02 0.6500E-02 0.9000E-02 0.1000E-01 0.9000E-02 0.6290E-02 0.7500E-03 0.3250E-02 0.3250E-02
0.6600E-03 0.6600E-03 0.7387E-02 0.7830E-02 0.6000E-02 0.5000E-02 0.5390E-02 0.4950E-02 0.7000E-02 0.8000E-02 0.7790E-02 0.5400E-04 0.2500E-02 0.7500E-02 0.6500E-02 0.8700E-02 0.9500E-02 0.9506E-02 0.1000E-01 0.5000E-02 0.9000E-02 0.9000E-02
0.0000E+00 0.0000E+00 0.7469E-02 0.9000E-02 0.2635E-02 0.5850E-03 0.6435E-02 0.9000E-02 0.7000E-02 0.1920E-02 0.8000E-02 0.6000E-03 0.4200E-03 0.4810E-03 0.3500E-02 0.2610E-02 0.5580E-02 0.2800E-02 0.6570E-02 0.7000E-02 0.2585E-02 0.2585E-02
0.1540E-02 0.1540E-02 0.9500E-02 0.8000E-02 0.9000E-02 0.7500E-02 0.6500E-02 0.6300E-02 0.6500E-02 0.2870E-02 0.9500E-03 0.6500E-02 0.8330E-03 0.2500E-02 0.5000E-02 0.1900E-03 0.0000E+00 0.0000E+00 0.0000E+00 0.8000E-02 0.6150E-02 0.6150E-02
0.1680E-02 0.1680E-02 0.1000E-01 0.2160E-02 0.7800E-02 0.8000E-02 0.9000E-02 0.9500E-02 0.5135E-02 0.8500E-02 0.3198E-02 0.8500E-02 0.9000E-02 0.2910E-02 0.5500E-02 0.1900E-03 0.0000E+00 0.0000E+00 0.0000E+00 0.3600E-03 0.8000E-02 0.8000E-02
0.5000E-02 0.5000E-02 0.4000E-02 0.9000E-02 0.9310E-02 0.8500E-02 0.0000E+00 0.6120E-02 0.6500E-02 0.1920E-02 0.6500E-02 0.8500E-02 0.9500E-02 0.4095E-02 0.1590E-02 0.5110E-02 0.0000E+00 0.0000E+00 0.1530E-02 0.4000E-02 0.8280E-02 0.8280E-02
0.3500E-02 0.3500E-02 0.3840E-02 0.6300E-02 0.8930E-02 0.0000E+00 0.0000E+00 0.0000E+00 0.5500E-03 0.3995E-02 0.2340E-02 0.9500E-02 0.2664E-02 0.8000E-02 0.4000E-02 0.3600E-02 0.3950E-02 0.6935E-02 0.9200E-02 0.3500E-02 0.9000E-02 0.9000E-02
0.3500E-02 0.3500E-02 0.2280E-02 0.4275E-02 0.9000E-02 0.6700E-02 0.1000E-01 0.9100E-03 0.3285E-02 0.1650E-02 0.9900E-03 0.1000E-01 0.3500E-02 0.5475E-02 0.9000E-03 0.6435E-02 0.3200E-02 0.9500E-02 0.0000E+00 0.1000E-01 0.1000E-01 0.1000E-01
0.4700E-02 0.4700E-02 0.5500E-02 0.2200E-03 0.7220E-02 0.8500E-02 0.9500E-02 0.3975E-02 0.1260E-02 0.8460E-02 0.7695E-02 0.3645E-02 0.5000E-02 0.2870E-02 0.3800E-02 0.8500E-02 0.7800E-02 0.9400E-02 0.5580E-02 0.8600E-02 0.1440E-02 0.1440E-02
0.7500E-03 0.7500E-03 0.1000E-02 0.4600E-03 0.5000E-02 0.8500E-02 0.8820E-02 0.8075E-02 0.1360E-02 0.7800E-02 0.8500E-02 0.5500E-02 0.2500E-02 0.4140E-02 0.2640E-02 0.8910E-02 0.6720E-02 0.9600E-02 0.9000E-02 0.2600E-02 0.5625E-02 0.5625E-02
0.2700E-03 0.2700E-03 0.0000E+00 0.5900E-03 0.8000E-02 0.4950E-02 0.1360E-02 0.8500E-02 0.4620E-02 0.7500E-02 0.6600E-03 0.5000E-02 0.1020E-02 0.8000E-04 0.0000E+00 0.0000E+00 0.9000E-02 0.7395E-02 0.8550E-03 0.6560E-02 0.6270E-02 0.6270E-02
0.3000E-03 0.3000E-03 0.0000E+00 0.3100E-03 0.6975E-02 0.8500E-02 0.7700E-02 0.1000E-01 0.9500E-02 0.1000E-01 0.4500E-02 0.4960E-03 0.3000E-02 0.1330E-02 0.8800E-04 0.8820E-02 0.7500E-02 0.7820E-02 0.3465E-02 0.8455E-02 0.5110E-02 0.5110E-02
0.1000E-02 0.1000E-02 0.1666E-02 0.5600E-03 0.0000E+00 0.3000E-02 0.8000E-02 0.8550E-02 0.8500E-02 0.8000E-02 0.1240E-02 0.4000E-03 0.4500E-02 0.8000E-02 0.9500E-03 0.8500E-02 0.8000E-02 0.6975E-02 0.8000E-04 0.5500E-02 0.5785E-02 0.5785E-02
0.7000E-03 0.7000E-03 0.9000E-03 0.3780E-03 0.6790E-03 0.1080E-02 0.3150E-02 0.5775E-02 0.7000E-02 0.6500E-02 0.5780E-02 0.3500E-02 0.4200E-02 0.9500E-02 0.0000E+00 0.0000E+00 0.5530E-02 0.6305E-02 0.0000E+00 0.0000E+00 0.0000E+00 0.0000E+00
0.4500E-03 0.4500E-03 0.4000E-03 0.2100E-03 0.7000E-03 0.9300E-03 0.1800E-02 0.6500E-02 0.5280E-02 0.7000E-02 0.1000E-01 0.3000E-02 0.8500E-02 0.1805E-02 0.0000E+00 0.0000E+00 0.1800E-03 0.2450E-03 0.0000E+00 0.0000E+00 0.0000E+00 0.0000E+00
0.8800E-04 0.8800E-04 0.9000E-03 0.5000E-03 0.5000E-03 0.3000E-03 0.5000E-03 0.2250E-02 0.5700E-02 0.7000E-02 0.1000E-01 0.9000E-02 0.9500E-02 0.5400E-03 0.0000E+00 0.0000E+00 0.0000E+00 0.0000E+00 0.1540E-02 0.3600E-02 0.2860E-02 0.2860E-02
0.1164E-02 0.1164E-02 0.3000E-04 0.5000E-03 0.9000E-03 0.2800E-04 0.1000E-02 0.4410E-02 0.6435E-02 0.7500E-02 0.9000E-02 0.8730E-02 0.8000E-02 0.9000E-02 0.0000E+00 0.0000E+00 0.0000E+00 0.6510E-02 0.4800E-02 0.9700E-02 0.9900E-02 0.9900E-02
0.1500E-02 0.1500E-02 0.7000E-03 0.1000E-02 0.1500E-02 0.1600E-02 0.2700E-02 0.5000E-02 0.7000E-02 0.7500E-02 0.9500E-02 0.9500E-02 0.1000E-01 0.5510E-02 0.0000E+00 0.0000E+00 0.0000E+00 0.8960E-03 0.3500E-02 0.1000E-01 0.9500E-02 0.9500E-02
0.1500E-02 0.1500E-02 0.1700E-02 0.0000E+00 0.0000E+00 0.0000E+00 0.5000E-04 0.3480E-02 0.9000E-02 0.8000E-02 0.2185E-02 0.8415E-02 0.1000E-01 0.6435E-02 0.1260E-02 0.1300E-03 0.0000E+00 0.0000E+00 0.3500E-02 0.1000E-01 0.0000E+00 0.0000E+00
0.3870E-02 0.3870E-02 0.4050E-03 0.0000E+00 0.0000E+00 0.0000E+00 0.0000E+00 0.0000E+00 0.9000E-02 0.7055E-02 0.6675E-02 0.7000E-02 0.1000E-01 0.5500E-02 0.3500E-02 0.5000E-02 0.3330E-02 0.1700E-02 0.2450E-02 0.9500E-02 0.9700E-02 0.9700E-02
0.5000E-02 0.5000E-02 0.6000E-02 0.6100E-02 0.0000E+00 0.0000E+00 0.0000E+00 0.5000E-04 0.7840E-02 0.8500E-02 0.9405E-02 0.4455E-02 0.9000E-02 0.5000E-02 0.6500E-02 0.1750E-03 0.4950E-02 0.3500E-02 0.3200E-04 0.5900E-02 0.7500E-02 0.7500E-02
0.3500E-02 0.3500E-02 0.4960E-02 0.0000E+00 0.0000E+00 0.0000E+00 0.0000E+00 0.8000E-02 0.7500E-02 0.8500E-02 0.7200E-02 0.2200E-02 0.8500E-02 0.7000E-02 0.3185E-02 0.9400E-03 0.8000E-02 0.2030E-02 0.1300E-02 0.3680E-02 0.1610E-02 0.1610E-02
0.5000E-02 0.5000E-02 0.8000E-02 0.1000E-01 0.8500E-02 0.4365E-02 0.7200E-03 0.7840E-02 0.7425E-02 0.8000E-02 0.9000E-02 0.2765E-02 0.6860E-02 0.5500E-02 0.4600E-03 0.1196E-02 0.7500E-02 0.7360E-02 0.2500E-02 0.3500E-02 0.2850E-02 0.2850E-02
0.5000E-02 0.5000E-02 0.3180E-02 0.7500E-02 0.6500E-02 0.4500E-02 0.9000E-02 0.8000E-02 0.5500E-02 0.7500E-02 0.8500E-02 0.4500E-02 0.5000E-02 0.5500E-02 0.3800E-03 0.1770E-02 0.6500E-02 0.8500E-02 0.7500E-02 0.9500E-02 0.9000E-02 0.9000E-02
0.5500E-02 0.5500E-02 0.7350E-02 0.7500E-02 0.5500E-02 0.5000E-02 0.4000E-02 0.5760E-02 0.6500E-02 0.6750E-03 0.9500E-02 0.7000E-02 0.5500E-02 0.0000E+00 0.3000E-03 0.3500E-02 0.5500E-02 0.7000E-02 0.8500E-02 0.7980E-02 0.8730E-02 0.8730E-02
0.5000E-02 0.5000E-02 0.5780E-02 0.5890E-02 0.4160E-02 0.5000E-02 0.4960E-02 0.5525E-02 0.6500E-02 0.8000E-02 0.7500E-02 0.6450E-02 0.6500E-02 0.1525E-02 0.3320E-02 0.3700E-02 0.4500E-02 0.5120E-02 0.3410E-02 0.9000E-02 0.8500E-02 0.8500E-02
0.0000E+00 0.0000E+00 0.0000E+00 0.8360E-02 0.6500E-02 0.7500E-02 0.7840E-02 0.8000E-02 0.6500E-02 0.2405E-02 0.6500E-02 0.7275E-02 0.7500E-02 0.8455E-02 0.7700E-02 0.4500E-02 0.1350E-02 0.6500E-02 0.6700E-03 0.5880E-02 0.7275E-02 0.7275E-02
0.0000E+00 0.0000E+00 0.0000E+00 0.4680E-02 0.7000E-02 0.8500E-02 0.8500E-02 0.9500E-02 0.7500E-02 0.7500E-02 0.7000E-02 0.9000E-02 0.6460E-02 0.9000E-02 0.8500E-02 0.6000E-02 0.2500E-02 0.2500E-02 0.5000E-03 0.1920E-02 0.3150E-02 0.3150E-02
0.0000E+00 0.0000E+00 0.0000E+00 0.1000E-01 0.7000E-02 0.7800E-02 0.9000E-02 0.9000E-02 0.1020E-02 0.7500E-02 0.7800E-02 0.8000E-02 0.8500E-02 0.9500E-02 0.7500E-02 0.6500E-02 0.2500E-02 0.3960E-02 0.5300E-03 0.6500E-02 0.8500E-02 0.8500E-02
0.0000E+00 0.0000E+00 0.5600E-02 0.8500E-02 0.7000E-02 0.7500E-02 0.9000E-02 0.7500E-02 0.3485E-02 0.7000E-02 0.5500E-02 0.6000E-02 0.5780E-02 0.4140E-02 0.8000E-02 0.5780E-02 0.4500E-02 0.3400E-02 0.8000E-02 0.5000E-02 0.2500E-02 0.2500E-02
0.4000E-02 0.4000E-02 0.6800E-02 0.8000E-02 0.7500E-02 0.7200E-02 0.8500E-02 0.7500E-02 0.3735E-02 0.5500E-02 0.6500E-02 0.7000E-02 0.3510E-02 0.0000E+00 0.2550E-02 0.6075E-02 0.6500E-02 0.4455E-02 0.7500E-02 0.8000E-02 0.5000E-02 0.5000E-02
0.4000E-02 0.4000E-02 0.7900E-02 0.9000E-02 0.8500E-02 0.8000E-02 0.4680E-02 0.4500E-02 0.5000E-02 0.4500E-02 0.8000E-02 0.9500E-02 0.0000E+00 0.0000E+00 0.0000E+00 0.3240E-02 0.6500E-02 0.5000E-02 0.8500E-02 0.8500E-02 0.4740E-02 0.4740E-02
0.8000E-04 0.8000E-04 0.8640E-02 0.6500E-02 0.7500E-02 0.7000E-02 0.2940E-02 0.3000E-02 0.3600E-02 0.3000E-02 0.4000E-02 0.1650E-02 0.0000E+00 0.0000E+00 0.0000E+00 0.5940E-03 0.3900E-03 0.4500E-02 0.6440E-02 0.5000E-02 0.4345E-02 0.4345E-02
0.5200E-03 0.5200E-03 0.8500E-02 0.4500E-02 0.8000E-02 0.7000E-02 0.3500E-02 0.5000E-02 0.4500E-02 0.1750E-02 0.4000E-02 0.7000E-02 0.3780E-02 0.0000E+00 0.1600E-02 0.5400E-03 0.0000E+00 0.0000E+00 0.1860E-03 0.2500E-02 0.3050E-02 0.3050E-02
0.5200E-03 0.5200E-03 0.8500E-02 0.4500E-02 0.8000E-02 0.7000E-02 0.3500E-02 0.5000E-02 0.4500E-02 0.1750E-02 0.4000E-02 0.7000E-02 0.3780E-02 0.0000E+00 0.1600E-02 0.5400E-03 0.0000E+00 0.0000E+00 0.1860E-03 0.2500E-02 0.3050E-02 0.3050E-02
