Input/Plot3/plot3_phi6.asc
ncols         22
nrows         62
xllcorner     0.00000000
yllcorner     0.00000000
cellsize      0.5
nodata_value  -9999
[rows 0 to 39 of 62, columns 0 to 21 of 22]
0.364000022411346 0.364000022411346 0.315175026655197 0.21985000371933 0.364000022411346 0.331450045108795 0.364000022411346 0.364000022411346 0.310525000095367 0.247750014066696 0.131499990820885 0.310525000095367 0.364000022411346 0.357025027275085 0.157075002789497 0.364000022411346 0.364000022411346 0.364000022411346 0.364000022411346 0.210550010204315 0.364000022411346 0.364000022411346
0.364000022411346 0.364000022411346 0.315175026655197 0.21985000371933 0.364000022411346 0.331450045108795 0.364000022411346 0.364000022411346 0.310525000095367 0.247750014066696 0.131499990820885 0.310525000095367 0.364000022411346 0.357025027275085 0.157075002789497 0.364000022411346 0.364000022411346 0.364000022411346 0.364000022411346 0.210550010204315 0.364000022411346 0.364000022411346
0.233800008893013 0.233800008893013 0.364000022411346 0.364000022411346 0.196600005030632 0.364000022411346 0.312849998474121 0.182649999856949 0.310525000095367 0.364000022411346 0.310525000095367 0.171024993062019 0.364000022411346 0.317499995231628 0.333775013685226 0.364000022411346 0.364000022411346 0.315175026655197 0.364000022411346 0.364000022411346 0.315175026655197 0.315175026655197
0.364000022411346 0.364000022411346 0.308200001716614 0.364000022411346 0.198924973607063 0.329125016927719 0.296574980020523 0.131499990820885 0.364000022411346 0.364000022411346 0.364000022411346 0.347725033760071 0.364000022411346 0.15242500603199 0.324474990367889 0.364000022411346 0.364000022411346 0.210550010204315 0.364000022411346 0.33610001206398 0.364000022411346 0.364000022411346
0.364000022411346 0.364000022411346 0.364000022411346 0.364000022411346 0.364000022411346 0.243099987506866 0.364000022411346 0.23845000565052 0.359350025653839 0.364000022411346 0.217525005340576 0.364000022411346 0.333775013685226 0.319825023412704 0.338424980640411 0.364000022411346 0.27564999461174 0.364000022411346 0.364000022411346 0.131499990820885 0.352375030517578 0.352375030517578
0.364000022411346 0.364000022411346 0.350050002336502 0.317499995231628 0.364000022411346 0.329125016927719 0.364000022411346 0.364000022411346 0.364000022411346 0.364000022411346 0.364000022411346 0.166375011205673 0.364000022411346 0.364000022411346 0.364000022411346 0.364000022411346 0.289600014686584 0.352375030517578 0.364000022411346 0.205899998545647 0.301225036382675 0.301225036382675
0.196600005030632 0.196600005030632 0.364000022411346 0.240774989128113 0.364000022411346 0.345400005578995 0.364000022411346 0.364000022411346 0.364000022411346 0.131499990820885 0.212875008583069 0.326799988746643 0.364000022411346 0.364000022411346 0.364000022411346 0.364000022411346 0.364000022411346 0.364000022411346 0.364000022411346 0.364000022411346 0.364000022411346 0.364000022411346
0.364000022411346 0.364000022411346 0.240774989128113 0.131499990820885 0.364000022411346 0.364000022411346 0.217525005340576 0.315175026655197 0.364000022411346 0.364000022411346 0.331450045108795 0.364000022411346 0.264025002717972 0.364000022411346 0.315175026655197 0.364000022411346 0.364000022411346 0.364000022411346 0.308200001716614 0.364000022411346 0.364000022411346 0.364000022411346
0.308200001716614 0.308200001716614 0.159400001168251 0.150099992752075 0.347725033760071 0.266349971294403 0.16405001282692 0.364000022411346 0.364000022411346 0.298900008201599 0.364000022411346 0.159400001168251 0.364000022411346 0.364000022411346 0.364000022411346 0.364000022411346 0.364000022411346 0.364000022411346 0.364000022411346 0.322149991989136 0.301225036382675 0.301225036382675
0.261700004339218 0.261700004339218 0.157075002789497 0.310525000095367 0.352375030517578 0.319825023412704 0.364000022411346 0.364000022411346 0.131499990820885 0.131499990820885 0.131499990820885 0.294250011444092 0.364000022411346 0.284950017929077 0.364000022411346 0.364000022411346 0.289600014686584 0.364000022411346 0.364000022411346 0.364000022411346 0.364000022411346 0.364000022411346
0.364000022411346 0.364000022411346 0.364000022411346 0.364000022411346 0.364000022411346 0.243099987506866 0.157075002789497 0.364000022411346 0.131499990820885 0.131499990820885 0.131499990820885 0.131499990820885 0.289600014686584 0.338424980640411 0.243099987506866 0.343074977397919 0.364000022411346 0.364000022411346 0.284950017929077 0.364000022411346 0.364000022411346 0.364000022411346
0.159400001168251 0.159400001168251 0.340750008821487 0.364000022411346 0.150099992752075 0.294250011444092 0.361675024032593 0.364000022411346 0.352375030517578 0.131499990820885 0.154749989509583 0.287275016307831 0.331450045108795 0.147774994373322 0.131499990820885 0.233800008893013 0.364000022411346 0.357025027275085 0.215200006961823 0.364000022411346 0.364000022411346 0.364000022411346
0.364000022411346 0.364000022411346 0.364000022411346 0.131499990820885 0.364000022411346 0.259375005960464 0.364000022411346 0.231475010514259 0.352375030517578 0.131499990820885 0.352375030517578 0.315175026655197 0.140799999237061 0.131499990820885 0.131499990820885 0.131499990820885 0.364000022411346 0.131499990820885 0.222174987196922 0.364000022411346 0.303550004959106 0.303550004959106
0.131499990820885 0.131499990820885 0.131499990820885 0.131499990820885 0.131499990820885 0.252400010824203 0.364000022411346 0.364000022411346 0.254725009202957 0.257050007581711 0.266349971294403 0.364000022411346 0.23845000565052 0.23845000565052 0.131499990820885 0.359350025653839 0.364000022411346 0.364000022411346 0.364000022411346 0.343074977397919 0.364000022411346 0.364000022411346
0.359350025653839 0.359350025653839 0.131499990820885 0.131499990820885 0.131499990820885 0.361675024032593 0.364000022411346 0.1338250041008 0.166375011205673 0.210550010204315 0.312849998474121 0.310525000095367 0.359350025653839 0.33610001206398 0.364000022411346 0.364000022411346 0.243099987506866 0.340750008821487 0.222174987196922 0.322149991989136 0.361675024032593 0.361675024032593
0.217525005340576 0.217525005340576 0.226825013756752 0.203575000166893 0.131499990820885 0.364000022411346 0.252400010824203 0.364000022411346 0.364000022411346 0.364000022411346 0.364000022411346 0.364000022411346 0.364000022411346 0.25007501244545 0.364000022411346 0.364000022411346 0.310525000095367 0.259375005960464 0.364000022411346 0.364000022411346 0.364000022411346 0.364000022411346
0.364000022411346 0.364000022411346 0.364000022411346 0.21985000371933 0.150099992752075 0.364000022411346 0.364000022411346 0.364000022411346 0.364000022411346 0.364000022411346 0.364000022411346 0.364000022411346 0.364000022411346 0.364000022411346 0.364000022411346 0.138475000858307 0.364000022411346 0.364000022411346 0.364000022411346 0.364000022411346 0.364000022411346 0.364000022411346
0.364000022411346 0.364000022411346 0.264025002717972 0.243099987506866 0.131499990820885 0.131499990820885 0.361675024032593 0.312849998474121 0.364000022411346 0.364000022411346 0.364000022411346 0.364000022411346 0.364000022411346 0.364000022411346 0.17799998819828 0.364000022411346 0.364000022411346 0.364000022411346 0.317499995231628 0.364000022411346 0.364000022411346 0.364000022411346
0.364000022411346 0.364000022411346 0.364000022411346 0.131499990820885 0.131499990820885 0.131499990820885 0.364000022411346 0.364000022411346 0.364000022411346 0.357025027275085 0.364000022411346 0.191949993371964 0.364000022411346 0.364000022411346 0.364000022411346 0.364000022411346 0.359350025653839 0.364000022411346 0.364000022411346 0.180325016379356 0.140799999237061 0.140799999237061
0.329125016927719 0.329125016927719 0.364000022411346 0.27564999461174 0.140799999237061 0.261700004339218 0.364000022411346 0.205899998545647 0.159400001168251 0.294250011444092 0.364000022411346 0.284950017929077 0.205899998545647 0.347725033760071 0.308200001716614 0.23845000565052 0.131499990820885 0.364000022411346 0.364000022411346 0.364000022411346 0.364000022411346 0.364000022411346
0.131499990820885 0.131499990820885 0.350050002336502 0.266349971294403 0.131499990820885 0.25007501244545 0.364000022411346 0.364000022411346 0.364000022411346 0.364000022411346 0.364000022411346 0.350050002336502 0.131499990820885 0.364000022411346 0.354699999094009 0.364000022411346 0.131499990820885 0.1338250041008 0.364000022411346 0.350050002336502 0.359350025653839 0.359350025653839
0.326799988746643 0.326799988746643 0.364000022411346 0.131499990820885 0.131499990820885 0.364000022411346 0.268674999475479 0.268674999475479 0.280299991369247 0.364000022411346 0.343074977397919 0.161724984645844 0.131499990820885 0.143124997615814 0.226825013756752 0.1338250041008 0.131499990820885 0.236125007271767 0.364000022411346 0.364000022411346 0.364000022411346 0.364000022411346
0.157075002789497 0.157075002789497 0.322149991989136 0.157075002789497 0.173350006341934 0.364000022411346 0.157075002789497 0.352375030517578 0.361675024032593 0.354699999094009 0.364000022411346 0.364000022411346 0.224500000476837 0.182649999856949 0.131499990820885 0.131499990820885 0.131499990820885 0.150099992752075 0.364000022411346 0.364000022411346 0.364000022411346 0.364000022411346
0.259375005960464 0.259375005960464 0.364000022411346 0.364000022411346 0.229149997234344 0.364000022411346 0.364000022411346 0.364000022411346 0.364000022411346 0.33610001206398 0.252400010824203 0.364000022411346 0.266349971294403 0.364000022411346 0.131499990820885 0.131499990820885 0.131499990820885 0.345400005578995 0.131499990820885 0.364000022411346 0.364000022411346 0.364000022411346
0.21985000371933 0.21985000371933 0.364000022411346 0.364000022411346 0.347725033760071 0.347725033760071 0.326799988746643 0.266349971294403 0.18962499499321 0.298900008201599 0.175675004720688 0.364000022411346 0.352375030517578 0.131499990820885 0.331450045108795 0.131499990820885 0.147774994373322 0.345400005578995 0.364000022411346 0.198924973607063 0.308200001716614 0.308200001716614
0.364000022411346 0.364000022411346 0.224500000476837 0.30587500333786 0.222174987196922 0.322149991989136 0.280299991369247 0.21985000371933 0.229149997234344 0.364000022411346 0.226825013756752 0.191949993371964 0.364000022411346 0.354699999094009 0.317499995231628 0.359350025653839 0.364000022411346 0.364000022411346 0.364000022411346 0.364000022411346 0.364000022411346 0.364000022411346
0.224500000476837 0.224500000476837 0.331450045108795 0.347725033760071 0.364000022411346 0.345400005578995 0.364000022411346 0.266349971294403 0.364000022411346 0.233800008893013 0.331450045108795 0.364000022411346 0.301225036382675 0.340750008821487 0.364000022411346 0.17799998819828 0.252400010824203 0.361675024032593 0.338424980640411 0.364000022411346 0.301225036382675 0.301225036382675
0.364000022411346 0.364000022411346 0.364000022411346 0.264025002717972 0.364000022411346 0.287275016307831 0.364000022411346 0.364000022411346 0.364000022411346 0.364000022411346 0.364000022411346 0.203575000166893 0.312849998474121 0.301225036382675 0.364000022411346 0.364000022411346 0.364000022411346 0.364000022411346 0.303550004959106 0.30587500333786 0.247750014066696 0.247750014066696
0.182649999856949 0.182649999856949 0.324474990367889 0.333775013685226 0.364000022411346 0.364000022411346 0.359350025653839 0.284950017929077 0.364000022411346 0.364000022411346 0.322149991989136 0.173350006341934 0.364000022411346 0.364000022411346 0.364000022411346 0.364000022411346 0.364000022411346 0.359350025653839 0.364000022411346 0.364000022411346 0.364000022411346 0.364000022411346
0.131499990820885 0.131499990820885 0.310525000095367 0.364000022411346 0.203575000166893 0.161724984645844 0.361675024032593 0.364000022411346 0.364000022411346 0.205899998545647 0.364000022411346 0.364000022411346 0.229149997234344 0.217525005340576 0.364000022411346 0.198924973607063 0.27564999461174 0.196600005030632 0.301225036382675 0.364000022411346 0.240774989128113 0.240774989128113
0.196600005030632 0.196600005030632 0.364000022411346 0.364000022411346 0.364000022411346 0.364000022411346 0.364000022411346 0.340750008821487 0.364000022411346 0.226825013756752 0.352375030517578 0.364000022411346 0.245425000786781 0.364000022411346 0.364000022411346 0.136150002479553 0.131499990820885 0.131499990820885 0.131499990820885 0.364000022411346 0.322149991989136 0.322149991989136
0.196600005030632 0.196600005030632 0.364000022411346 0.187299996614456 0.312849998474121 0.364000022411346 0.364000022411346 0.364000022411346 0.315175026655197 0.364000022411346 0.226825013756752 0.364000022411346 0.364000022411346 0.357025027275085 0.364000022411346 0.136150002479553 0.131499990820885 0.131499990820885 0.131499990820885 0.140799999237061 0.364000022411346 0.364000022411346
0.364000022411346 0.364000022411346 0.364000022411346 0.364000022411346 0.359350025653839 0.364000022411346 0.131499990820885 0.298900008201599 0.364000022411346 0.187299996614456 0.364000022411346 0.364000022411346 0.364000022411346 0.343074977397919 0.254725009202957 0.301225036382675 0.131499990820885 0.131499990820885 0.171024993062019 0.224500000476837 0.345400005578995 0.345400005578995
0.364000022411346 0.364000022411346 0.354699999094009 0.294250011444092 0.350050002336502 0.131499990820885 0.131499990820885 0.131499990820885 0.154749989509583 0.240774989128113 0.222174987196922 0.364000022411346 0.303550004959106 0.364000022411346 0.364000022411346 0.317499995231628 0.315175026655197 0.301225036382675 0.345400005578995 0.212875008583069 0.364000022411346 0.364000022411346
0.364000022411346 0.364000022411346 0.21985000371933 0.264025002717972 0.364000022411346 0.287275016307831 0.364000022411346 0.161724984645844 0.301225036382675 0.182649999856949 0.182649999856949 0.364000022411346 0.364000022411346 0.301225036382675 0.271000027656555 0.361675024032593 0.280299991369247 0.364000022411346 0.131499990820885 0.364000022411346 0.364000022411346 0.364000022411346
0.364000022411346 0.364000022411346 0.364000022411346 0.157075002789497 0.308200001716614 0.364000022411346 0.364000022411346 0.254725009202957 0.196600005030632 0.350050002336502 0.319825023412704 0.319825023412704 0.364000022411346 0.322149991989136 0.364000022411346 0.364000022411346 0.364000022411346 0.350050002336502 0.27564999461174 0.331450045108795 0.173350006341934 0.173350006341934
0.30587500333786 0.30587500333786 0.364000022411346 0.23845000565052 0.364000022411346 0.364000022411346 0.359350025653839 0.329125016927719 0.210550010204315 0.364000022411346 0.364000022411346 0.364000022411346 0.364000022411346 0.345400005578995 0.284950017929077 0.361675024032593 0.326799988746643 0.364000022411346 0.364000022411346 0.224500000476837 0.30587500333786 0.30587500333786
0.340750008821487 0.340750008821487 0.364000022411346 0.268674999475479 0.364000022411346 0.259375005960464 0.168699994683266 0.364000022411346 0.310525000095367 0.364000022411346 0.182649999856949 0.364000022411346 0.289600014686584 0.136150002479553 0.131499990820885 0.131499990820885 0.364000022411346 0.333775013685226 0.15242500603199 0.322149991989136 0.284950017929077 0.284950017929077
0.364000022411346 0.364000022411346 0.364000022411346 0.27564999461174 0.347725033760071 0.364000022411346 0.364000022411346 0.364000022411346 0.364000022411346 0.364000022411346 0.364000022411346 0.27564999461174 0.364000022411346 0.21985000371933 0.182649999856949 0.359350025653839 0.364000022411346 0.345400005578995 0.310525000095367 0.338424980640411 0.301225036382675 0.301225036382675
0.364000022411346 0.364000022411346 0.359350025653839 0.261700004339218 0.131499990820885 0.364000022411346 0.364000022411346 0.352375030517578 0.364000022411346 0.364000022411346 0.203575000166893 0.317499995231628 0.364000022411346 0.364000022411346 0.352375030517578 0.364000022411346 0.364000022411346 0.347725033760071 0.140799999237061 0.364000022411346 0.338424980640411 0.338424980640411
