Input/Plot3/topog.asc
ncols     22
nrows     62
xllcorner      0.00000000
yllcorner      0.00000000
cellsize      0.50000000
nodata_value -9999
0.2876E+04 0.2876E+04 0.2868E+04 0.2864E+04 0.2858E+04 0.2853E+04 0.2852E+04 0.2849E+04 0.2854E+04 0.2851E+04 0.2841E+04 0.2827E+04 0.2820E+04 0.2817E+04 0.2814E+04 0.2793E+04 0.2780E+04 0.2768E+04 0.2764E+04 0.2766E+04 0.2766E+04 0.2766E+04
0.2866E+04 0.2866E+04 0.2858E+04 0.2854E+04 0.2848E+04 0.2843E+04 0.2842E+04 0.2839E+04 0.2844E+04 0.2841E+04 0.2831E+04 0.2817E+04 0.2810E+04 0.2807E+04 0.2804E+04 0.2783E+04 0.2770E+04 0.2758E+04 0.2754E+04 0.2756E+04 0.2756E+04 0.2756E+04
0.2834E+04 0.2834E+04 0.2827E+04 0.2828E+04 0.2826E+04 0.2823E+04 0.2823E+04 0.2822E+04 0.2821E+04 0.2810E+04 0.2806E+04 0.2797E+04 0.2789E+04 0.2794E+04 0.2774E+04 0.2748E+04 0.2738E+04 0.2734E+04 0.2726E+04 0.2727E+04 0.2730E+04 0.2730E+04
0.2807E+04 0.2807E+04 0.2797E+04 0.2804E+04 0.2795E+04 0.2797E+04 0.2795E+04 0.2795E+04 0.2777E+04 0.2777E+04 0.2770E+04 0.2760E+04 0.2754E+04 0.2764E+04 0.2729E+04 0.2715E+04 0.2705E+04 0.2705E+04 0.2697E+04 0.2696E+04 0.2696E+04 0.2696E+04
0.2775E+04 0.2775E+04 0.2769E+04 0.2769E+04 0.2764E+04 0.2763E+04 0.2760E+04 0.2760E+04 0.2751E+04 0.2745E+04 0.2733E+04 0.2732E+04 0.2718E+04 0.2708E+04 0.2696E+04 0.2685E+04 0.2676E+04 0.2673E+04 0.2674E+04 0.2677E+04 0.2672E+04 0.2672E+04
0.2743E+04 0.2743E+04 0.2733E+04 0.2733E+04 0.2732E+04 0.2736E+04 0.2721E+04 0.2721E+04 0.2719E+04 0.2715E+04 0.2712E+04 0.2708E+04 0.2687E+04 0.2672E+04 0.2661E+04 0.2654E+04 0.2646E+04 0.2645E+04 0.2642E+04 0.2644E+04 0.2642E+04 0.2642E+04
0.2717E+04 0.2717E+04 0.2702E+04 0.2708E+04 0.2707E+04 0.2701E+04 0.2698E+04 0.2696E+04 0.2690E+04 0.2695E+04 0.2686E+04 0.2684E+04 0.2654E+04 0.2647E+04 0.2624E+04 0.2613E+04 0.2607E+04 0.2607E+04 0.2600E+04 0.2595E+04 0.2595E+04 0.2595E+04
0.2679E+04 0.2679E+04 0.2683E+04 0.2703E+04 0.2690E+04 0.2678E+04 0.2678E+04 0.2672E+04 0.2658E+04 0.2653E+04 0.2662E+04 0.2645E+04 0.2620E+04 0.2606E+04 0.2601E+04 0.2595E+04 0.2578E+04 0.2575E+04 0.2568E+04 0.2566E+04 0.2564E+04 0.2564E+04
0.2653E+04 0.2653E+04 0.2662E+04 0.2672E+04 0.2671E+04 0.2668E+04 0.2663E+04 0.2651E+04 0.2637E+04 0.2621E+04 0.2625E+04 0.2617E+04 0.2596E+04 0.2582E+04 0.2578E+04 0.2563E+04 0.2554E+04 0.2548E+04 0.2536E+04 0.2529E+04 0.2528E+04 0.2528E+04
0.2621E+04 0.2621E+04 0.2626E+04 0.2633E+04 0.2654E+04 0.2658E+04 0.2640E+04 0.2630E+04 0.2624E+04 0.2610E+04 0.2597E+04 0.2591E+04 0.2582E+04 0.2561E+04 0.2551E+04 0.2539E+04 0.2526E+04 0.2517E+04 0.2502E+04 0.2494E+04 0.2490E+04 0.2490E+04
0.2598E+04 0.2598E+04 0.2591E+04 0.2580E+04 0.2609E+04 0.2624E+04 0.2609E+04 0.2609E+04 0.2604E+04 0.2587E+04 0.2566E+04 0.2565E+04 0.2569E+04 0.2545E+04 0.2531E+04 0.2511E+04 0.2500E+04 0.2490E+04 0.2474E+04 0.2463E+04 0.2455E+04 0.2455E+04
0.2573E+04 0.2573E+04 0.2569E+04 0.2560E+04 0.2561E+04 0.2577E+04 0.2565E+04 0.2565E+04 0.2549E+04 0.2546E+04 0.2532E+04 0.2530E+04 0.2535E+04 0.2532E+04 0.2516E+04 0.2505E+04 0.2482E+04 0.2471E+04 0.2452E+04 0.2435E+04 0.2427E+04 0.2427E+04
0.2542E+04 0.2542E+04 0.2540E+04 0.2545E+04 0.2536E+04 0.2532E+04 0.2525E+04 0.2530E+04 0.2519E+04 0.2513E+04 0.2506E+04 0.2491E+04 0.2499E+04 0.2515E+04 0.2500E+04 0.2483E+04 0.2458E+04 0.2465E+04 0.2421E+04 0.2403E+04 0.2399E+04 0.2399E+04
0.2517E+04 0.2517E+04 0.2526E+04 0.2541E+04 0.2514E+04 0.2507E+04 0.2501E+04 0.2502E+04 0.2486E+04 0.2483E+04 0.2484E+04 0.2471E+04 0.2460E+04 0.2474E+04 0.2466E+04 0.2435E+04 0.2424E+04 0.2408E+04 0.2382E+04 0.2375E+04 0.2371E+04 0.2371E+04
0.2481E+04 0.2481E+04 0.2489E+04 0.2506E+04 0.2481E+04 0.2469E+04 0.2466E+04 0.2471E+04 0.2457E+04 0.2456E+04 0.2463E+04 0.2456E+04 0.2433E+04 0.2425E+04 0.2420E+04 0.2398E+04 0.2396E+04 0.2376E+04 0.2352E+04 0.2346E+04 0.2340E+04 0.2340E+04
0.2435E+04 0.2435E+04 0.2444E+04 0.2457E+04 0.2455E+04 0.2442E+04 0.2434E+04 0.2433E+04 0.2431E+04 0.2427E+04 0.2430E+04 0.2422E+04 0.2405E+04 0.2389E+04 0.2384E+04 0.2368E+04 0.2361E+04 0.2350E+04 0.2321E+04 0.2312E+04 0.2305E+04 0.2305E+04
0.2391E+04 0.2391E+04 0.2391E+04 0.2403E+04 0.2406E+04 0.2409E+04 0.2410E+04 0.2409E+04 0.2404E+04 0.2405E+04 0.2399E+04 0.2389E+04 0.2381E+04 0.2374E+04 0.2365E+04 0.2341E+04 0.2328E+04 0.2322E+04 0.2289E+04 0.2280E+04 0.2279E+04 0.2279E+04
0.2348E+04 0.2348E+04 0.2349E+04 0.2365E+04 0.2384E+04 0.2392E+04 0.2384E+04 0.2383E+04 0.2381E+04 0.2384E+04 0.2370E+04 0.2359E+04 0.2358E+04 0.2354E+04 0.2355E+04 0.2317E+04 0.2304E+04 0.2289E+04 0.2258E+04 0.2251E+04 0.2250E+04 0.2250E+04
0.2304E+04 0.2304E+04 0.2316E+04 0.2330E+04 0.2352E+04 0.2362E+04 0.2351E+04 0.2348E+04 0.2360E+04 0.2362E+04 0.2342E+04 0.2334E+04 0.2331E+04 0.2320E+04 0.2314E+04 0.2291E+04 0.2276E+04 0.2261E+04 0.2229E+04 0.2219E+04 0.2215E+04 0.2215E+04
0.2268E+04 0.2268E+04 0.2276E+04 0.2297E+04 0.2312E+04 0.2306E+04 0.2296E+04 0.2311E+04 0.2315E+04 0.2307E+04 0.2297E+04 0.2296E+04 0.2302E+04 0.2281E+04 0.2276E+04 0.2274E+04 0.2255E+04 0.2233E+04 0.2195E+04 0.2186E+04 0.2184E+04 0.2184E+04
0.2231E+04 0.2231E+04 0.2244E+04 0.2256E+04 0.2243E+04 0.2250E+04 0.2258E+04 0.2261E+04 0.2258E+04 0.2263E+04 0.2258E+04 0.2268E+04 0.2268E+04 0.2254E+04 0.2253E+04 0.2243E+04 0.2230E+04 0.2212E+04 0.2171E+04 0.2160E+04 0.2156E+04 0.2156E+04
0.2196E+04 0.2196E+04 0.2203E+04 0.2214E+04 0.2191E+04 0.2194E+04 0.2211E+04 0.2216E+04 0.2226E+04 0.2215E+04 0.2216E+04 0.2238E+04 0.2235E+04 0.2224E+04 0.2235E+04 0.2222E+04 0.2201E+04 0.2179E+04 0.2144E+04 0.2130E+04 0.2125E+04 0.2125E+04
0.2151E+04 0.2151E+04 0.2141E+04 0.2156E+04 0.2146E+04 0.2146E+04 0.2152E+04 0.2170E+04 0.2177E+04 0.2170E+04 0.2176E+04 0.2198E+04 0.2205E+04 0.2186E+04 0.2199E+04 0.2194E+04 0.2158E+04 0.2158E+04 0.2110E+04 0.2093E+04 0.2092E+04 0.2092E+04
0.2085E+04 0.2085E+04 0.2081E+04 0.2097E+04 0.2095E+04 0.2102E+04 0.2112E+04 0.2130E+04 0.2135E+04 0.2144E+04 0.2153E+04 0.2139E+04 0.2147E+04 0.2131E+04 0.2144E+04 0.2145E+04 0.2119E+04 0.2112E+04 0.2077E+04 0.2058E+04 0.2061E+04 0.2061E+04
0.2027E+04 0.2027E+04 0.2035E+04 0.2040E+04 0.2054E+04 0.2078E+04 0.2086E+04 0.2095E+04 0.2081E+04 0.2109E+04 0.2115E+04 0.2112E+04 0.2108E+04 0.2088E+04 0.2081E+04 0.2069E+04 0.2069E+04 0.2060E+04 0.2024E+04 0.2020E+04 0.2028E+04 0.2028E+04
0.1996E+04 0.1996E+04 0.1995E+04 0.1995E+04 0.2003E+04 0.2039E+04 0.2038E+04 0.2041E+04 0.2035E+04 0.2046E+04 0.2051E+04 0.2074E+04 0.2079E+04 0.2042E+04 0.2035E+04 0.2028E+04 0.2025E+04 0.2022E+04 0.1989E+04 0.1982E+04 0.1988E+04 0.1988E+04
0.1951E+04 0.1951E+04 0.1954E+04 0.1957E+04 0.1948E+04 0.1975E+04 0.1977E+04 0.1975E+04 0.1977E+04 0.1979E+04 0.1991E+04 0.2015E+04 0.2018E+04 0.1992E+04 0.1984E+04 0.1981E+04 0.1979E+04 0.1982E+04 0.1965E+04 0.1960E+04 0.1952E+04 0.1952E+04
0.1899E+04 0.1899E+04 0.1898E+04 0.1908E+04 0.1897E+04 0.1916E+04 0.1939E+04 0.1932E+04 0.1926E+04 0.1932E+04 0.1938E+04 0.1952E+04 0.1952E+04 0.1944E+04 0.1943E+04 0.1941E+04 0.1933E+04 0.1931E+04 0.1929E+04 0.1932E+04 0.1926E+04 0.1926E+04
0.1855E+04 0.1855E+04 0.1847E+04 0.1851E+04 0.1850E+04 0.1866E+04 0.1877E+04 0.1890E+04 0.1892E+04 0.1888E+04 0.1897E+04 0.1897E+04 0.1901E+04 0.1912E+04 0.1912E+04 0.1900E+04 0.1894E+04 0.1889E+04 0.1882E+04 0.1877E+04 0.1885E+04 0.1885E+04
0.1801E+04 0.1801E+04 0.1795E+04 0.1788E+04 0.1805E+04 0.1830E+04 0.1830E+04 0.1841E+04 0.1849E+04 0.1850E+04 0.1858E+04 0.1859E+04 0.1865E+04 0.1868E+04 0.1870E+04 0.1861E+04 0.1851E+04 0.1855E+04 0.1848E+04 0.1850E+04 0.1855E+04 0.1855E+04
0.1726E+04 0.1726E+04 0.1728E+04 0.1739E+04 0.1749E+04 0.1778E+04 0.1786E+04 0.1802E+04 0.1809E+04 0.1810E+04 0.1817E+04 0.1812E+04 0.1814E+04 0.1819E+04 0.1820E+04 0.1815E+04 0.1829E+04 0.1833E+04 0.1819E+04 0.1821E+04 0.1826E+04 0.1826E+04
0.1682E+04 0.1682E+04 0.1686E+04 0.1693E+04 0.1707E+04 0.1730E+04 0.1749E+04 0.1766E+04 0.1774E+04 0.1775E+04 0.1774E+04 0.1769E+04 0.1772E+04 0.1780E+04 0.1778E+04 0.1784E+04 0.1799E+04 0.1807E+04 0.1790E+04 0.1777E+04 0.1775E+04 0.1775E+04
0.1630E+04 0.1630E+04 0.1634E+04 0.1639E+04 0.1664E+04 0.1691E+04 0.1710E+04 0.1743E+04 0.1743E+04 0.1733E+04 0.1731E+04 0.1730E+04 0.1735E+04 0.1745E+04 0.1744E+04 0.1752E+04 0.1751E+04 0.1752E+04 0.1745E+04 0.1730E+04 0.1723E+04 0.1723E+04
0.1568E+04 0.1568E+04 0.1579E+04 0.1589E+04 0.1614E+04 0.1658E+04 0.1673E+04 0.1702E+04 0.1701E+04 0.1691E+04 0.1689E+04 0.1688E+04 0.1701E+04 0.1709E+04 0.1708E+04 0.1701E+04 0.1701E+04 0.1694E+04 0.1696E+04 0.1686E+04 0.1677E+04 0.1677E+04
0.1509E+04 0.1509E+04 0.1527E+04 0.1545E+04 0.1561E+04 0.1604E+04 0.1616E+04 0.1629E+04 0.1642E+04 0.1649E+04 0.1656E+04 0.1655E+04 0.1671E+04 0.1669E+04 0.1665E+04 0.1663E+04 0.1660E+04 0.1648E+04 0.1644E+04 0.1639E+04 0.1639E+04 0.1639E+04
0.1471E+04 0.1471E+04 0.1489E+04 0.1516E+04 0.1524E+04 0.1548E+04 0.1566E+04 0.1586E+04 0.1590E+04 0.1593E+04 0.1609E+04 0.1619E+04 0.1622E+04 0.1619E+04 0.1621E+04 0.1622E+04 0.1609E+04 0.1606E+04 0.1606E+04 0.1600E+04 0.1611E+04 0.1611E+04
0.1435E+04 0.1435E+04 0.1456E+04 0.1488E+04 0.1489E+04 0.1495E+04 0.1505E+04 0.1536E+04 0.1544E+04 0.1544E+04 0.1563E+04 0.1574E+04 0.1581E+04 0.1585E+04 0.1583E+04 0.1579E+04 0.1569E+04 0.1563E+04 0.1572E+04 0.1567E+04 0.1570E+04 0.1570E+04
0.1390E+04 0.1390E+04 0.1415E+04 0.1442E+04 0.1428E+04 0.1435E+04 0.1453E+04 0.1487E+04 0.1497E+04 0.1496E+04 0.1520E+04 0.1530E+04 0.1545E+04 0.1551E+04 0.1550E+04 0.1538E+04 0.1525E+04 0.1517E+04 0.1521E+04 0.1520E+04 0.1518E+04 0.1518E+04
0.1326E+04 0.1326E+04 0.1361E+04 0.1369E+04 0.1362E+04 0.1390E+04 0.1401E+04 0.1431E+04 0.1437E+04 0.1445E+04 0.1473E+04 0.1481E+04 0.1484E+04 0.1509E+04 0.1493E+04 0.1490E+04 0.1477E+04 0.1479E+04 0.1473E+04 0.1470E+04 0.1466E+04 0.1466E+04
0.1266E+04 0.1266E+04 0.1284E+04 0.1298E+04 0.1315E+04 0.1341E+04 0.1355E+04 0.1378E+04 0.1386E+04 0.1395E+04 0.1425E+04 0.1432E+04 0.1433E+04 0.1452E+04 0.1446E+04 0.1442E+04 0.1427E+04 0.1424E+04 0.1444E+04 0.1441E+04 0.1428E+04 0.1428E+04
0.1222E+04 0.1222E+04 0.1242E+04 0.1268E+04 0.1280E+04 0.1302E+04 0.1311E+04 0.1316E+04 0.1341E+04 0.1341E+04 0.1361E+04 0.1367E+04 0.1375E+04 0.1387E+04 0.1374E+04 0.1377E+04 0.1381E+04 0.1384E+04 0.1407E+04 0.1410E+04 0.1390E+04 0.1390E+04
0.1186E+04 0.1186E+04 0.1216E+04 0.1249E+04 0.1258E+04 0.1271E+04 0.1272E+04 0.1262E+04 0.1290E+04 0.1289E+04 0.1300E+04 0.1303E+04 0.1321E+04 0.1324E+04 0.1329E+04 0.1335E+04 0.1339E+04 0.1352E+04 0.1358E+04 0.1353E+04 0.1346E+04 0.1346E+04
0.1161E+04 0.1161E+04 0.1192E+04 0.1214E+04 0.1220E+04 0.1232E+04 0.1238E+04 0.1218E+04 0.1236E+04 0.1238E+04 0.1250E+04 0.1254E+04 0.1267E+04 0.1275E+04 0.1299E+04 0.1313E+04 0.1306E+04 0.1301E+04 0.1298E+04 0.1302E+04 0.1305E+04 0.1305E+04
0.1118E+04 0.1118E+04 0.1143E+04 0.1160E+04 0.1170E+04 0.1185E+04 0.1195E+04 0.1186E+04 0.1190E+04 0.1189E+04 0.1201E+04 0.1217E+04 0.1228E+04 0.1225E+04 0.1253E+04 0.1264E+04 0.1259E+04 0.1259E+04 0.1254E+04 0.1254E+04 0.1254E+04 0.1254E+04
0.1056E+04 0.1056E+04 0.1076E+04 0.1098E+04 0.1105E+04 0.1134E+04 0.1143E+04 0.1142E+04 0.1147E+04 0.1141E+04 0.1153E+04 0.1158E+04 0.1179E+04 0.1183E+04 0.1194E+04 0.1211E+04 0.1220E+04 0.1221E+04 0.1213E+04 0.1207E+04 0.1213E+04 0.1213E+04
0.1012E+04 0.1012E+04 0.1022E+04 0.1045E+04 0.1060E+04 0.1081E+04 0.1099E+04 0.1110E+04 0.1110E+04 0.1102E+04 0.1113E+04 0.1119E+04 0.1124E+04 0.1124E+04 0.1136E+04 0.1156E+04 0.1163E+04 0.1168E+04 0.1171E+04 0.1168E+04 0.1172E+04 0.1172E+04
0.9870E+03 0.9870E+03 0.9880E+03 0.1003E+04 0.1039E+04 0.1061E+04 0.1069E+04 0.1074E+04 0.1074E+04 0.1069E+04 0.1081E+04 0.1085E+04 0.1097E+04 0.1094E+04 0.1096E+04 0.1102E+04 0.1116E+04 0.1128E+04 0.1130E+04 0.1132E+04 0.1134E+04 0.1134E+04
0.9510E+03 0.9510E+03 0.9590E+03 0.9750E+03 0.1012E+04 0.1039E+04 0.1039E+04 0.1032E+04 0.1031E+04 0.1035E+04 0.1047E+04 0.1050E+04 0.1057E+04 0.1070E+04 0.1065E+04 0.1064E+04 0.1075E+04 0.1090E+04 0.1103E+04 0.1101E+04 0.1104E+04 0.1104E+04
0.9210E+03 0.9210E+03 0.9220E+03 0.9390E+03 0.9620E+03 0.9980E+03 0.9970E+03 0.9920E+03 0.1001E+04 0.1003E+04 0.1018E+04 0.1024E+04 0.1020E+04 0.1030E+04 0.1031E+04 0.1029E+04 0.1041E+04 0.1053E+04 0.1064E+04 0.1066E+04 0.1070E+04 0.1070E+04
0.8880E+03 0.8880E+03 0.8880E+03 0.8990E+03 0.9170E+03 0.9410E+03 0.9480E+03 0.9620E+03 0.9650E+03 0.9650E+03 0.9860E+03 0.9950E+03 0.9880E+03 0.9970E+03 0.1001E+04 0.9980E+03 0.1000E+04 0.1009E+04 0.1023E+04 0.1024E+04 0.1032E+04 0.1032E+04
0.8520E+03 0.8520E+03 0.8570E+03 0.8670E+03 0.8770E+03 0.8990E+03 0.9060E+03 0.9280E+03 0.9410E+03 0.9470E+03 0.9490E+03 0.9580E+03 0.9650E+03 0.9730E+03 0.9740E+03 0.9670E+03 0.9640E+03 0.9730E+03 0.9820E+03 0.9850E+03 0.9990E+03 0.9990E+03
0.8200E+03 0.8200E+03 0.8300E+03 0.8420E+03 0.8480E+03 0.8670E+03 0.8770E+03 0.8940E+03 0.9090E+03 0.9180E+03 0.9200E+03 0.9270E+03 0.9430E+03 0.9610E+03 0.9570E+03 0.9410E+03 0.9330E+03 0.9350E+03 0.9420E+03 0.9500E+03 0.9590E+03 0.9590E+03
0.7960E+03 0.7960E+03 0.8020E+03 0.8140E+03 0.8220E+03 0.8450E+03 0.8510E+03 0.8700E+03 0.8770E+03 0.8870E+03 0.8890E+03 0.8910E+03 0.9090E+03 0.9230E+03 0.9070E+03 0.9040E+03 0.9060E+03 0.9100E+03 0.9160E+03 0.9170E+03 0.9170E+03 0.9170E+03
0.7670E+03 0.7670E+03 0.7770E+03 0.7830E+03 0.7890E+03 0.8150E+03 0.8220E+03 0.8330E+03 0.8500E+03 0.8560E+03 0.8540E+03 0.8610E+03 0.8690E+03 0.8710E+03 0.8730E+03 0.8720E+03 0.8790E+03 0.8870E+03 0.8910E+03 0.8960E+03 0.8950E+03 0.8950E+03
0.7440E+03 0.7440E+03 0.7580E+03 0.7580E+03 0.7570E+03 0.7790E+03 0.7840E+03 0.8070E+03 0.8220E+03 0.8270E+03 0.8230E+03 0.8330E+03 0.8350E+03 0.8310E+03 0.8340E+03 0.8350E+03 0.8410E+03 0.8550E+03 0.8520E+03 0.8610E+03 0.8580E+03 0.8580E+03
0.7020E+03 0.7020E+03 0.7200E+03 0.7220E+03 0.7250E+03 0.7460E+03 0.7550E+03 0.7760E+03 0.7890E+03 0.7910E+03 0.7920E+03 0.7930E+03 0.7970E+03 0.8000E+03 0.8010E+03 0.8000E+03 0.8060E+03 0.8190E+03 0.8120E+03 0.8150E+03 0.8150E+03 0.8150E+03
0.6670E+03 0.6670E+03 0.6740E+03 0.6780E+03 0.6860E+03 0.7150E+03 0.7190E+03 0.7480E+03 0.7540E+03 0.7480E+03 0.7560E+03 0.7610E+03 0.7720E+03 0.7760E+03 0.7700E+03 0.7660E+03 0.7740E+03 0.7760E+03 0.7670E+03 0.7820E+03 0.7960E+03 0.7960E+03
0.6190E+03 0.6190E+03 0.6330E+03 0.6360E+03 0.6490E+03 0.6810E+03 0.6830E+03 0.6970E+03 0.7120E+03 0.7100E+03 0.7220E+03 0.7290E+03 0.7460E+03 0.7560E+03 0.7400E+03 0.7370E+03 0.7340E+03 0.7380E+03 0.7410E+03 0.7490E+03 0.7620E+03 0.7620E+03
0.5820E+03 0.5820E+03 0.5840E+03 0.5940E+03 0.6090E+03 0.6370E+03 0.6490E+03 0.6630E+03 0.6740E+03 0.6810E+03 0.6940E+03 0.6960E+03 0.7120E+03 0.7320E+03 0.7140E+03 0.7100E+03 0.7090E+03 0.7100E+03 0.7150E+03 0.7190E+03 0.7250E+03 0.7250E+03
0.5410E+03 0.5410E+03 0.5530E+03 0.5540E+03 0.5650E+03 0.5960E+03 0.6140E+03 0.6300E+03 0.6380E+03 0.6470E+03 0.6580E+03 0.6630E+03 0.6730E+03 0.6800E+03 0.6730E+03 0.6770E+03 0.6880E+03 0.6900E+03 0.6880E+03 0.6880E+03 0.6930E+03 0.6930E+03
0.5010E+03 0.5010E+03 0.5020E+03 0.5130E+03 0.5260E+03 0.5480E+03 0.5770E+03 0.5840E+03 0.6010E+03 0.6060E+03 0.6160E+03 0.6240E+03 0.6370E+03 0.6410E+03 0.6370E+03 0.6480E+03 0.6690E+03 0.6710E+03 0.6740E+03 0.6780E+03 0.6780E+03 0.6780E+03
0.4910E+03 0.4910E+03 0.4920E+03 0.5030E+03 0.5160E+03 0.5380E+03 0.5670E+03 0.5740E+03 0.5910E+03 0.5960E+03 0.6060E+03 0.6140E+03 0.6270E+03 0.6310E+03 0.6270E+03 0.6380E+03 0.6590E+03 0.6610E+03 0.6640E+03 0.6680E+03 0.6680E+03 0.6680E+03
