Input/Plot3/veg.asc
ncols     22
nrows     62
xllcorner      0.00000000
yllcorner      0.00000000
cellsize      0.50000000
nodata_value -9999
0.0000E+00 0.0000E+00 0.2100E+02 0.6200E+02 0.0000E+00 0.1400E+02 0.0000E+00 0.0000E+00 0.2300E+02 0.5000E+02 0.1000E+03 0.2300E+02 0.0000E+00 0.3000E+01 0.8900E+02 0.0000E+00 0.0000E+00 0.0000E+00 0.0000E+00 0.6600E+02 0.0000E+00 0.0000E+00
0.0000E+00 0.0000E+00 0.2100E+02 0.6200E+02 0.0000E+00 0.1400E+02 0.0000E+00 0.0000E+00 0.2300E+02 0.5000E+02 0.1000E+03 0.2300E+02 0.0000E+00 0.3000E+01 0.8900E+02 0.0000E+00 0.0000E+00 0.0000E+00 0.0000E+00 0.6600E+02 0.0000E+00 0.0000E+00
0.5600E+02 0.5600E+02 0.0000E+00 0.0000E+00 0.7200E+02 0.0000E+00 0.2200E+02 0.7800E+02 0.2300E+02 0.0000E+00 0.2300E+02 0.8300E+02 0.0000E+00 0.2000E+02 0.1300E+02 0.0000E+00 0.0000E+00 0.2100E+02 0.0000E+00 0.0000E+00 0.2100E+02 0.2100E+02
0.0000E+00 0.0000E+00 0.2400E+02 0.0000E+00 0.7100E+02 0.1500E+02 0.2900E+02 0.1000E+03 0.0000E+00 0.0000E+00 0.0000E+00 0.7000E+01 0.0000E+00 0.9100E+02 0.1700E+02 0.0000E+00 0.0000E+00 0.6600E+02 0.0000E+00 0.1200E+02 0.0000E+00 0.0000E+00
0.0000E+00 0.0000E+00 0.0000E+00 0.0000E+00 0.0000E+00 0.5200E+02 0.0000E+00 0.5400E+02 0.2000E+01 0.0000E+00 0.6300E+02 0.0000E+00 0.1300E+02 0.1900E+02 0.1100E+02 0.0000E+00 0.3800E+02 0.0000E+00 0.0000E+00 0.1000E+03 0.5000E+01 0.5000E+01
0.0000E+00 0.0000E+00 0.6000E+01 0.2000E+02 0.0000E+00 0.1500E+02 0.0000E+00 0.0000E+00 0.0000E+00 0.0000E+00 0.0000E+00 0.8500E+02 0.0000E+00 0.0000E+00 0.0000E+00 0.0000E+00 0.3200E+02 0.5000E+01 0.0000E+00 0.6800E+02 0.2700E+02 0.2700E+02
0.7200E+02 0.7200E+02 0.0000E+00 0.5300E+02 0.0000E+00 0.8000E+01 0.0000E+00 0.0000E+00 0.0000E+00 0.1000E+03 0.6500E+02 0.1600E+02 0.0000E+00 0.0000E+00 0.0000E+00 0.0000E+00 0.0000E+00 0.0000E+00 0.0000E+00 0.0000E+00 0.0000E+00 0.0000E+00
0.0000E+00 0.0000E+00 0.5300E+02 0.1000E+03 0.0000E+00 0.0000E+00 0.6300E+02 0.2100E+02 0.0000E+00 0.0000E+00 0.1400E+02 0.0000E+00 0.4300E+02 0.0000E+00 0.2100E+02 0.0000E+00 0.0000E+00 0.0000E+00 0.2400E+02 0.0000E+00 0.0000E+00 0.0000E+00
0.2400E+02 0.2400E+02 0.8800E+02 0.9200E+02 0.7000E+01 0.4200E+02 0.8600E+02 0.0000E+00 0.0000E+00 0.2800E+02 0.0000E+00 0.8800E+02 0.0000E+00 0.0000E+00 0.0000E+00 0.0000E+00 0.0000E+00 0.0000E+00 0.0000E+00 0.1800E+02 0.2700E+02 0.2700E+02
0.4400E+02 0.4400E+02 0.8900E+02 0.2300E+02 0.5000E+01 0.1900E+02 0.0000E+00 0.0000E+00 0.1000E+03 0.1000E+03 0.1000E+03 0.3000E+02 0.0000E+00 0.3400E+02 0.0000E+00 0.0000E+00 0.3200E+02 0.0000E+00 0.0000E+00 0.0000E+00 0.0000E+00 0.0000E+00
0.0000E+00 0.0000E+00 0.0000E+00 0.0000E+00 0.0000E+00 0.5200E+02 0.8900E+02 0.0000E+00 0.1000E+03 0.1000E+03 0.1000E+03 0.1000E+03 0.3200E+02 0.1100E+02 0.5200E+02 0.9000E+01 0.0000E+00 0.0000E+00 0.3400E+02 0.0000E+00 0.0000E+00 0.0000E+00
0.8800E+02 0.8800E+02 0.1000E+02 0.0000E+00 0.9200E+02 0.3000E+02 0.1000E+01 0.0000E+00 0.5000E+01 0.1000E+03 0.9000E+02 0.3300E+02 0.1400E+02 0.9300E+02 0.1000E+03 0.5600E+02 0.0000E+00 0.3000E+01 0.6400E+02 0.0000E+00 0.0000E+00 0.0000E+00
0.0000E+00 0.0000E+00 0.0000E+00 0.1000E+03 0.0000E+00 0.4500E+02 0.0000E+00 0.5700E+02 0.5000E+01 0.1000E+03 0.5000E+01 0.2100E+02 0.9600E+02 0.1000E+03 0.1000E+03 0.1000E+03 0.0000E+00 0.1000E+03 0.6100E+02 0.0000E+00 0.2600E+02 0.2600E+02
0.1000E+03 0.1000E+03 0.1000E+03 0.1000E+03 0.1000E+03 0.4800E+02 0.0000E+00 0.0000E+00 0.4700E+02 0.4600E+02 0.4200E+02 0.0000E+00 0.5400E+02 0.5400E+02 0.1000E+03 0.2000E+01 0.0000E+00 0.0000E+00 0.0000E+00 0.9000E+01 0.0000E+00 0.0000E+00
0.2000E+01 0.2000E+01 0.1000E+03 0.1000E+03 0.1000E+03 0.1000E+01 0.0000E+00 0.9900E+02 0.8500E+02 0.6600E+02 0.2200E+02 0.2300E+02 0.2000E+01 0.1200E+02 0.0000E+00 0.0000E+00 0.5200E+02 0.1000E+02 0.6100E+02 0.1800E+02 0.1000E+01 0.1000E+01
0.6300E+02 0.6300E+02 0.5900E+02 0.6900E+02 0.1000E+03 0.0000E+00 0.4800E+02 0.0000E+00 0.0000E+00 0.0000E+00 0.0000E+00 0.0000E+00 0.0000E+00 0.4900E+02 0.0000E+00 0.0000E+00 0.2300E+02 0.4500E+02 0.0000E+00 0.0000E+00 0.0000E+00 0.0000E+00
0.0000E+00 0.0000E+00 0.0000E+00 0.6200E+02 0.9200E+02 0.0000E+00 0.0000E+00 0.0000E+00 0.0000E+00 0.0000E+00 0.0000E+00 0.0000E+00 0.0000E+00 0.0000E+00 0.0000E+00 0.9700E+02 0.0000E+00 0.0000E+00 0.0000E+00 0.0000E+00 0.0000E+00 0.0000E+00
0.0000E+00 0.0000E+00 0.4300E+02 0.5200E+02 0.1000E+03 0.1000E+03 0.1000E+01 0.2200E+02 0.0000E+00 0.0000E+00 0.0000E+00 0.0000E+00 0.0000E+00 0.0000E+00 0.8000E+02 0.0000E+00 0.0000E+00 0.0000E+00 0.2000E+02 0.0000E+00 0.0000E+00 0.0000E+00
0.0000E+00 0.0000E+00 0.0000E+00 0.1000E+03 0.1000E+03 0.1000E+03 0.0000E+00 0.0000E+00 0.0000E+00 0.3000E+01 0.0000E+00 0.7400E+02 0.0000E+00 0.0000E+00 0.0000E+00 0.0000E+00 0.2000E+01 0.0000E+00 0.0000E+00 0.7900E+02 0.9600E+02 0.9600E+02
0.1500E+02 0.1500E+02 0.0000E+00 0.3800E+02 0.9600E+02 0.4400E+02 0.0000E+00 0.6800E+02 0.8800E+02 0.3000E+02 0.0000E+00 0.3400E+02 0.6800E+02 0.7000E+01 0.2400E+02 0.5400E+02 0.1000E+03 0.0000E+00 0.0000E+00 0.0000E+00 0.0000E+00 0.0000E+00
0.1000E+03 0.1000E+03 0.6000E+01 0.4200E+02 0.1000E+03 0.4900E+02 0.0000E+00 0.0000E+00 0.0000E+00 0.0000E+00 0.0000E+00 0.6000E+01 0.1000E+03 0.0000E+00 0.4000E+01 0.0000E+00 0.1000E+03 0.9900E+02 0.0000E+00 0.6000E+01 0.2000E+01 0.2000E+01
0.1600E+02 0.1600E+02 0.0000E+00 0.1000E+03 0.1000E+03 0.0000E+00 0.4100E+02 0.4100E+02 0.3600E+02 0.0000E+00 0.9000E+01 0.8700E+02 0.1000E+03 0.9500E+02 0.5900E+02 0.9900E+02 0.1000E+03 0.5500E+02 0.0000E+00 0.0000E+00 0.0000E+00 0.0000E+00
0.8900E+02 0.8900E+02 0.1800E+02 0.8900E+02 0.8200E+02 0.0000E+00 0.8900E+02 0.5000E+01 0.1000E+01 0.4000E+01 0.0000E+00 0.0000E+00 0.6000E+02 0.7800E+02 0.1000E+03 0.1000E+03 0.1000E+03 0.9200E+02 0.0000E+00 0.0000E+00 0.0000E+00 0.0000E+00
0.4500E+02 0.4500E+02 0.0000E+00 0.0000E+00 0.5800E+02 0.0000E+00 0.0000E+00 0.0000E+00 0.0000E+00 0.1200E+02 0.4800E+02 0.0000E+00 0.4200E+02 0.0000E+00 0.1000E+03 0.1000E+03 0.1000E+03 0.8000E+01 0.1000E+03 0.0000E+00 0.0000E+00 0.0000E+00
0.6200E+02 0.6200E+02 0.0000E+00 0.0000E+00 0.7000E+01 0.7000E+01 0.1600E+02 0.4200E+02 0.7500E+02 0.2800E+02 0.8100E+02 0.0000E+00 0.5000E+01 0.1000E+03 0.1400E+02 0.1000E+03 0.9300E+02 0.8000E+01 0.0000E+00 0.7100E+02 0.2400E+02 0.2400E+02
0.0000E+00 0.0000E+00 0.6000E+02 0.2500E+02 0.6100E+02 0.1800E+02 0.3600E+02 0.6200E+02 0.5800E+02 0.0000E+00 0.5900E+02 0.7400E+02 0.0000E+00 0.4000E+01 0.2000E+02 0.2000E+01 0.0000E+00 0.0000E+00 0.0000E+00 0.0000E+00 0.0000E+00 0.0000E+00
0.6000E+02 0.6000E+02 0.1400E+02 0.7000E+01 0.0000E+00 0.8000E+01 0.0000E+00 0.4200E+02 0.0000E+00 0.5600E+02 0.1400E+02 0.0000E+00 0.2700E+02 0.1000E+02 0.0000E+00 0.8000E+02 0.4800E+02 0.1000E+01 0.1100E+02 0.0000E+00 0.2700E+02 0.2700E+02
0.0000E+00 0.0000E+00 0.0000E+00 0.4300E+02 0.0000E+00 0.3300E+02 0.0000E+00 0.0000E+00 0.0000E+00 0.0000E+00 0.0000E+00 0.6900E+02 0.2200E+02 0.2700E+02 0.0000E+00 0.0000E+00 0.0000E+00 0.0000E+00 0.2600E+02 0.2500E+02 0.5000E+02 0.5000E+02
0.7800E+02 0.7800E+02 0.1700E+02 0.1300E+02 0.0000E+00 0.0000E+00 0.2000E+01 0.3400E+02 0.0000E+00 0.0000E+00 0.1800E+02 0.8200E+02 0.0000E+00 0.0000E+00 0.0000E+00 0.0000E+00 0.0000E+00 0.2000E+01 0.0000E+00 0.0000E+00 0.0000E+00 0.0000E+00
0.1000E+03 0.1000E+03 0.2300E+02 0.0000E+00 0.6900E+02 0.8700E+02 0.1000E+01 0.0000E+00 0.0000E+00 0.6800E+02 0.0000E+00 0.0000E+00 0.5800E+02 0.6300E+02 0.0000E+00 0.7100E+02 0.3800E+02 0.7200E+02 0.2700E+02 0.0000E+00 0.5300E+02 0.5300E+02
0.7200E+02 0.7200E+02 0.0000E+00 0.0000E+00 0.0000E+00 0.0000E+00 0.0000E+00 0.1000E+02 0.0000E+00 0.5900E+02 0.5000E+01 0.0000E+00 0.5100E+02 0.0000E+00 0.0000E+00 0.9800E+02 0.1000E+03 0.1000E+03 0.1000E+03 0.0000E+00 0.1800E+02 0.1800E+02
0.7200E+02 0.7200E+02 0.0000E+00 0.7600E+02 0.2200E+02 0.0000E+00 0.0000E+00 0.0000E+00 0.2100E+02 0.0000E+00 0.5900E+02 0.0000E+00 0.0000E+00 0.3000E+01 0.0000E+00 0.9800E+02 0.1000E+03 0.1000E+03 0.1000E+03 0.9600E+02 0.0000E+00 0.0000E+00
0.0000E+00 0.0000E+00 0.0000E+00 0.0000E+00 0.2000E+01 0.0000E+00 0.1000E+03 0.2800E+02 0.0000E+00 0.7600E+02 0.0000E+00 0.0000E+00 0.0000E+00 0.9000E+01 0.4700E+02 0.2700E+02 0.1000E+03 0.1000E+03 0.8300E+02 0.6000E+02 0.8000E+01 0.8000E+01
0.0000E+00 0.0000E+00 0.4000E+01 0.3000E+02 0.6000E+01 0.1000E+03 0.1000E+03 0.1000E+03 0.9000E+02 0.5300E+02 0.6100E+02 0.0000E+00 0.2600E+02 0.0000E+00 0.0000E+00 0.2000E+02 0.2100E+02 0.2700E+02 0.8000E+01 0.6500E+02 0.0000E+00 0.0000E+00
0.0000E+00 0.0000E+00 0.6200E+02 0.4300E+02 0.0000E+00 0.3300E+02 0.0000E+00 0.8700E+02 0.2700E+02 0.7800E+02 0.7800E+02 0.0000E+00 0.0000E+00 0.2700E+02 0.4000E+02 0.1000E+01 0.3600E+02 0.0000E+00 0.1000E+03 0.0000E+00 0.0000E+00 0.0000E+00
0.0000E+00 0.0000E+00 0.0000E+00 0.8900E+02 0.2400E+02 0.0000E+00 0.0000E+00 0.4700E+02 0.7200E+02 0.6000E+01 0.1900E+02 0.1900E+02 0.0000E+00 0.1800E+02 0.0000E+00 0.0000E+00 0.0000E+00 0.6000E+01 0.3800E+02 0.1400E+02 0.8200E+02 0.8200E+02
0.2500E+02 0.2500E+02 0.0000E+00 0.5400E+02 0.0000E+00 0.0000E+00 0.2000E+01 0.1500E+02 0.6600E+02 0.0000E+00 0.0000E+00 0.0000E+00 0.0000E+00 0.8000E+01 0.3400E+02 0.1000E+01 0.1600E+02 0.0000E+00 0.0000E+00 0.6000E+02 0.2500E+02 0.2500E+02
0.1000E+02 0.1000E+02 0.0000E+00 0.4100E+02 0.0000E+00 0.4500E+02 0.8400E+02 0.0000E+00 0.2300E+02 0.0000E+00 0.7800E+02 0.0000E+00 0.3200E+02 0.9800E+02 0.1000E+03 0.1000E+03 0.0000E+00 0.1300E+02 0.9100E+02 0.1800E+02 0.3400E+02 0.3400E+02
0.0000E+00 0.0000E+00 0.0000E+00 0.3800E+02 0.7000E+01 0.0000E+00 0.0000E+00 0.0000E+00 0.0000E+00 0.0000E+00 0.0000E+00 0.3800E+02 0.0000E+00 0.6200E+02 0.7800E+02 0.2000E+01 0.0000E+00 0.8000E+01 0.2300E+02 0.1100E+02 0.2700E+02 0.2700E+02
0.0000E+00 0.0000E+00 0.2000E+01 0.4400E+02 0.1000E+03 0.0000E+00 0.0000E+00 0.5000E+01 0.0000E+00 0.0000E+00 0.6900E+02 0.2000E+02 0.0000E+00 0.0000E+00 0.5000E+01 0.0000E+00 0.0000E+00 0.7000E+01 0.9600E+02 0.0000E+00 0.1100E+02 0.1100E+02
0.3000E+02 0.3000E+02 0.1000E+02 0.3700E+02 0.3000E+01 0.2800E+02 0.5800E+02 0.2300E+02 0.0000E+00 0.0000E+00 0.3200E+02 0.0000E+00 0.4000E+02 0.0000E+00 0.1000E+03 0.1000E+03 0.2100E+02 0.3000E+01 0.1000E+03 0.1000E+03 0.1000E+03 0.1000E+03
0.2500E+02 0.2500E+02 0.0000E+00 0.5800E+02 0.0000E+00 0.7000E+01 0.0000E+00 0.0000E+00 0.1200E+02 0.0000E+00 0.0000E+00 0.0000E+00 0.0000E+00 0.8100E+02 0.1000E+03 0.1000E+03 0.9600E+02 0.9300E+02 0.1000E+03 0.1000E+03 0.1000E+03 0.1000E+03
0.5600E+02 0.5600E+02 0.1000E+02 0.0000E+00 0.0000E+00 0.0000E+00 0.0000E+00 0.2500E+02 0.0000E+00 0.0000E+00 0.0000E+00 0.0000E+00 0.0000E+00 0.9400E+02 0.1000E+03 0.1000E+03 0.1000E+03 0.1000E+03 0.5600E+02 0.6400E+02 0.5600E+02 0.5600E+02
0.3000E+01 0.3000E+01 0.9700E+02 0.0000E+00 0.0000E+00 0.9600E+02 0.0000E+00 0.2000E+01 0.1000E+01 0.0000E+00 0.0000E+00 0.3000E+01 0.0000E+00 0.0000E+00 0.1000E+03 0.1000E+03 0.1000E+03 0.7000E+01 0.3600E+02 0.0000E+00 0.1000E+01 0.1000E+01
0.0000E+00 0.0000E+00 0.0000E+00 0.0000E+00 0.0000E+00 0.0000E+00 0.0000E+00 0.0000E+00 0.0000E+00 0.0000E+00 0.0000E+00 0.0000E+00 0.0000E+00 0.4200E+02 0.1000E+03 0.1000E+03 0.1000E+03 0.4400E+02 0.0000E+00 0.0000E+00 0.0000E+00 0.0000E+00
0.0000E+00 0.0000E+00 0.0000E+00 0.1000E+03 0.1000E+03 0.1000E+03 0.9900E+02 0.4200E+02 0.0000E+00 0.0000E+00 0.7700E+02 0.1000E+01 0.0000E+00 0.1000E+01 0.5800E+02 0.9800E+02 0.1000E+03 0.1000E+03 0.0000E+00 0.0000E+00 0.1000E+03 0.1000E+03
0.1400E+02 0.1400E+02 0.9100E+02 0.1000E+03 0.1000E+03 0.1000E+03 0.1000E+03 0.1000E+03 0.0000E+00 0.1700E+02 0.1100E+02 0.0000E+00 0.0000E+00 0.0000E+00 0.0000E+00 0.0000E+00 0.2600E+02 0.0000E+00 0.5100E+02 0.0000E+00 0.0000E+00 0.0000E+00
0.0000E+00 0.0000E+00 0.0000E+00 0.3900E+02 0.1000E+03 0.1000E+03 0.1000E+03 0.9900E+02 0.2000E+01 0.0000E+00 0.1000E+01 0.1000E+01 0.0000E+00 0.0000E+00 0.0000E+00 0.9500E+02 0.1000E+01 0.0000E+00 0.9800E+02 0.0000E+00 0.0000E+00 0.0000E+00
0.0000E+00 0.0000E+00 0.3800E+02 0.1000E+03 0.1000E+03 0.1000E+03 0.1000E+03 0.0000E+00 0.0000E+00 0.0000E+00 0.1000E+02 0.1200E+02 0.0000E+00 0.0000E+00 0.5100E+02 0.5300E+02 0.0000E+00 0.4200E+02 0.0000E+00 0.8000E+01 0.5400E+02 0.5400E+02
0.0000E+00 0.0000E+00 0.0000E+00 0.0000E+00 0.0000E+00 0.3000E+01 0.9200E+02 0.2000E+01 0.1000E+01 0.0000E+00 0.0000E+00 0.2100E+02 0.2000E+01 0.0000E+00 0.5400E+02 0.8000E+01 0.0000E+00 0.8000E+01 0.0000E+00 0.0000E+00 0.7000E+02 0.7000E+02
0.0000E+00 0.0000E+00 0.4700E+02 0.0000E+00 0.0000E+00 0.0000E+00 0.0000E+00 0.0000E+00 0.0000E+00 0.0000E+00 0.0000E+00 0.0000E+00 0.0000E+00 0.0000E+00 0.2400E+02 0.4100E+02 0.0000E+00 0.0000E+00 0.0000E+00 0.0000E+00 0.0000E+00 0.0000E+00
0.0000E+00 0.0000E+00 0.2000E+01 0.0000E+00 0.0000E+00 0.0000E+00 0.0000E+00 0.4000E+01 0.0000E+00 0.9100E+02 0.0000E+00 0.0000E+00 0.0000E+00 0.1000E+03 0.0000E+00 0.0000E+00 0.0000E+00 0.0000E+00 0.0000E+00 0.1600E+02 0.3000E+01 0.3000E+01
0.0000E+00 0.0000E+00 0.3200E+02 0.3800E+02 0.3600E+02 0.0000E+00 0.3800E+02 0.3500E+02 0.0000E+00 0.0000E+00 0.0000E+00 0.1400E+02 0.0000E+00 0.3900E+02 0.1700E+02 0.0000E+00 0.0000E+00 0.3600E+02 0.3800E+02 0.0000E+00 0.0000E+00 0.0000E+00
0.1000E+03 0.1000E+03 0.1000E+03 0.1200E+02 0.0000E+00 0.0000E+00 0.2000E+01 0.0000E+00 0.0000E+00 0.6300E+02 0.0000E+00 0.3000E+01 0.0000E+00 0.1100E+02 0.0000E+00 0.0000E+00 0.4600E+02 0.0000E+00 0.3300E+02 0.2000E+01 0.3000E+01 0.3000E+01
0.1000E+03 0.1000E+03 0.1000E+03 0.2200E+02 0.0000E+00 0.0000E+00 0.0000E+00 0.0000E+00 0.0000E+00 0.0000E+00 0.0000E+00 0.0000E+00 0.2400E+02 0.0000E+00 0.0000E+00 0.0000E+00 0.0000E+00 0.0000E+00 0.0000E+00 0.3600E+02 0.1000E+02 0.1000E+02
0.1000E+03 0.1000E+03 0.1000E+03 0.0000E+00 0.0000E+00 0.0000E+00 0.0000E+00 0.0000E+00 0.8800E+02 0.0000E+00 0.0000E+00 0.0000E+00 0.0000E+00 0.0000E+00 0.0000E+00 0.0000E+00 0.0000E+00 0.1000E+01 0.4700E+02 0.0000E+00 0.0000E+00 0.0000E+00
0.1000E+03 0.1000E+03 0.4400E+02 0.0000E+00 0.0000E+00 0.0000E+00 0.0000E+00 0.0000E+00 0.5900E+02 0.0000E+00 0.0000E+00 0.0000E+00 0.3200E+02 0.8000E+01 0.0000E+00 0.3200E+02 0.0000E+00 0.3200E+02 0.0000E+00 0.0000E+00 0.0000E+00 0.0000E+00
0.0000E+00 0.0000E+00 0.0000E+00 0.0000E+00 0.0000E+00 0.1000E+02 0.0000E+00 0.0000E+00 0.1700E+02 0.0000E+00 0.0000E+00 0.0000E+00 0.6100E+02 0.1000E+03 0.6600E+02 0.1900E+02 0.0000E+00 0.1000E+01 0.0000E+00 0.0000E+00 0.0000E+00 0.0000E+00
0.0000E+00 0.0000E+00 0.0000E+00 0.0000E+00 0.0000E+00 0.0000E+00 0.2800E+02 0.0000E+00 0.0000E+00 0.0000E+00 0.0000E+00 0.0000E+00 0.1000E+03 0.1000E+03 0.1000E+03 0.2800E+02 0.0000E+00 0.0000E+00 0.0000E+00 0.0000E+00 0.2100E+02 0.2100E+02
0.8400E+02 0.8400E+02 0.4000E+01 0.0000E+00 0.0000E+00 0.0000E+00 0.2000E+01 0.0000E+00 0.2000E+02 0.0000E+00 0.0000E+00 0.7800E+02 0.1000E+03 0.1000E+03 0.1000E+03 0.7800E+02 0.2200E+02 0.0000E+00 0.8000E+01 0.0000E+00 0.2100E+02 0.2100E+02
0.7400E+02 0.7400E+02 0.0000E+00 0.1000E+02 0.0000E+00 0.0000E+00 0.0000E+00 0.0000E+00 0.0000E+00 0.5000E+02 0.0000E+00 0.0000E+00 0.5800E+02 0.1000E+03 0.6800E+02 0.7300E+02 0.1000E+03 0.9400E+02 0.3800E+02 0.0000E+00 0.3900E+02 0.3900E+02
0.7400E+02 0.7400E+02 0.0000E+00 0.1000E+02 0.0000E+00 0.0000E+00 0.0000E+00 0.0000E+00 0.0000E+00 0.5000E+02 0.0000E+00 0.0000E+00 0.5800E+02 0.1000E+03 0.6800E+02 0.7300E+02 0.1000E+03 0.9400E+02 0.3800E+02 0.0000E+00 0.3900E+02 0.3900E+02
