Input/input_p3/p3ksat290806.asc
ncols         22
nrows         62
xllcorner     0.00000000
yllcorner     0.00000000
cellsize      0.50000000
nodata_value  -9999
[rows 0 to 35 of 62, columns 0 to 21 of 22]
0.00585833285003901 0.00585833285003901 0.00343333301134408 0.00707833422347903 0.00010001420014305 0.00376833300106227 0.0013583330437541 0.000858333718497306 0.00473833410069346 0.00885833334177732 0.00935833342373371 0.00550833297893405 0.00185833300929517 0.00111333304084837 0.00853333342820406 0.0013583330437541 0.000858333718497306 0.000858333718497306 0.00010001420014305 0.00629833294078708 0.00485833315178752 0.00485833315178752
0.00585833285003901 0.00585833285003901 0.00343333301134408 0.00707833422347903 0.00010001420014305 0.00376833300106227 0.0013583330437541 0.000858333718497306 0.00473833410069346 0.00885833334177732 0.00935833342373371 0.00550833297893405 0.00185833300929517 0.00111333304084837 0.00853333342820406 0.0013583330437541 0.000858333718497306 0.000858333718497306 0.00010001420014305 0.00629833294078708 0.00485833315178752 0.00485833315178752
0.00825833342969418 0.00825833342969418 0.00335833290591836 0.00235833297483623 0.00683833379298449 0.0013583330437541 0.00311833410523832 0.00770833296701312 0.00358333298936486 0.00075833301525563 0.00265933410264552 0.00791333336383104 0.00185833300929517 0.00335833290591836 0.00196333392523229 0.0013583330437541 0.000358333199983463 0.00264333304949105 0.00010001420014305 0.000358333199983463 0.00540833408012986 0.00540833408012986
0.00235833297483623 0.00235833297483623 0.00441833399236202 0.000858333718497306 0.00886533316224813 0.00298333400860429 0.00367833394557238 0.00935833342373371 0.00185833300929517 0.000358333199983463 0.00235833297483623 0.000988333369605243 0.00185833300929517 0.00859333388507366 0.00188833405263722 0.000858333718497306 0.000358333199983463 0.00612833397462964 0.000100064200523775 0.00187833304516971 0.00585833285003901 0.00585833285003901
0.00185833300929517 0.00185833300929517 0.000858333718497306 0.00235833297483623 0.00815833359956741 0.00743833417072892 0.000358333199983463 0.00590833323076367 0.00347833288833499 0.000858333718497306 0.00621333299204707 0.0013583330437541 0.0023983339779079 0.00206833309493959 0.00090333417756483 0.000358333199983463 0.00315833301283419 0.000100064200523775 0.000100064200523775 0.00935833342373371 0.00508333276957273 0.00508333276957273
0.00185833300929517 0.00185833300929517 0.00183833402115852 0.00255833403207362 0.00185833300929517 0.00255833403207362 0.00285833305679262 0.00535833276808262 0.00285833305679262 0.000858333718497306 0.000358333199983463 0.00823333393782377 0.00485833315178752 0.00185833300929517 0.0013583330437541 0.000858333718497306 0.00323833292350173 0.000333333009621128 0.00010001420014305 0.00615833420306444 0.00351833296008408 0.00351833296008408
0.00823833327740431 0.00823833327740431 0.0013583330437541 0.00536333303898573 0.00585833285003901 0.00429833400994539 0.00435833400115371 0.00765833398327231 0.00635833293199539 0.00935833342373371 0.00638333382084966 0.00347833288833499 0.00735833402723074 0.00285833305679262 0.000358333199983463 0.000858333718497306 0.0013583330437541 0.000358333199983463 0.0013583330437541 0.000358333199983463 0.00185833300929517 0.00185833300929517
0.00235833297483623 0.00235833297483623 0.00606833398342133 0.00935833342373371 0.0077583328820765 0.00735833402723074 0.0084333335980773 0.00777833396568894 0.00585833285003901 0.00485833315178752 0.00634833378717303 0.0044583328999579 0.00793333444744349 0.00285833305679262 0.00303833303041756 0.00185833300929517 0.00185833300929517 0.00010001420014305 0.00327833299525082 0.00185833300929517 0.00435833400115371 0.00435833400115371
0.00517833419144154 0.00517833419144154 0.00923833344131708 0.00933433417230844 0.00889333430677652 0.00906833354383707 0.00930233392864466 0.0086583336815238 0.00585833285003901 0.00611833296716213 0.00695833377540112 0.00911833345890045 0.00685833301395178 0.00285833305679262 0.0013583330437541 0.00235833297483623 0.00205833395011723 0.000358333199983463 0.00585833285003901 0.00484833400696516 0.00935833342373371 0.00935833342373371
0.00655833398923278 0.00655833398923278 0.00913833361119032 0.00435333419591188 0.0046083340421319 0.00895333383232355 0.0086583336815238 0.00805833376944065 0.00935833342373371 0.00935833342373371 0.00935833342373371 0.00907833408564329 0.00535833276808262 0.00506833288818598 0.000858333718497306 0.00235833297483623 0.00425833417102695 0.000358333199983463 0.00285833305679262 0.0013583330437541 0.00485833315178752 0.00485833315178752
0.00335833290591836 0.00335833290591836 0.000358333199983463 0.00010001420014305 0.000858333718497306 0.00863833446055651 0.00924833305180073 0.00885833334177732 0.00935833342373371 0.00935833342373371 0.00935833342373371 0.00935833342373371 0.00867833383381367 0.00446333317086101 0.00575833301991224 0.00271533289924264 0.000858333718497306 0.00010001420014305 0.00539833307266235 0.000858333718497306 0.00285833305679262 0.00285833305679262
0.00839833356440067 0.00839833356440067 0.00215833308175206 0.000100034201750532 0.00863833446055651 0.00515833403915167 0.00539833400398493 0.00835833325982094 0.00603333301842213 0.00935833342373371 0.00850833393633366 0.00399833312258124 0.00781033281236887 0.00925333425402641 0.00935833342373371 0.00605833297595382 0.000858333718497306 0.0001433332945453 0.00665833288803697 0.00185833300929517 0.00235833297483623 0.00235833297483623
0.00235833297483623 0.00235833297483623 0.00185833300929517 0.00935833342373371 0.000358333199983463 0.00440833391621709 0.000858333718497306 0.00871333386749029 0.00365833309479058 0.00935833342373371 0.00128333398606628 0.0018533329712227 0.00899833254516125 0.00935833342373371 0.00935833342373371 0.00935833342373371 0.00435833400115371 0.00935833342373371 0.00877333339303732 0.0026583329308778 0.00565833412110806 0.00565833412110806
0.00935833342373371 0.00935833342373371 0.00935833342373371 0.00935833342373371 0.00935833342373371 0.00545833399519324 0.000358333199983463 0.000358333199983463 0.00538333412259817 0.00449833320453763 0.00761833321303129 0.00010001420014305 0.0053103337995708 0.00475833378732204 0.00935833342373371 0.00592833291739225 0.00185833300929517 0.0013583330437541 0.00185833300929517 0.00480833416804671 0.00485833315178752 0.00485833315178752
0.00200833310373127 0.00200833310373127 0.00935833342373371 0.00935833342373371 0.00935833342373371 0.00886333361268044 0.000858333718497306 0.00926333386451006 0.00815833359956741 0.00646833376958966 0.00818833336234093 0.00704833399504423 0.0015183329815045 0.00187833304516971 0.000858333718497306 0.0013583330437541 0.0052783340215683 0.00170833396259695 0.00662833405658603 0.00804633367806673 0.00688333297148347 0.00688333297148347
0.00676833419129252 0.00676833419129252 0.00616033421829343 0.0062583340331912 0.00935833342373371 0.000100034201750532 0.00675833318382502 0.000358333199983463 0.000858333718497306 0.00010001420014305 0.00285833305679262 0.00435833400115371 0.000558333587832749 0.00502333277836442 0.000858333718497306 0.00355833396315575 0.00512333400547504 0.00523333298042417 0.00385833298787475 0.000858333718497306 0.00185833300929517 0.00185833300929517
0.000858333718497306 0.000858333718497306 0.000100034201750532 0.00555833382532001 0.00855833385139704 0.000358333199983463 0.00755833322182298 0.000358333199983463 0.000858333718497306 0.000858333718497306 0.000858333718497306 0.000358333199983463 0.000358333199983463 0.0013583330437541 0.00285833305679262 0.00910333357751369 0.00010001420014305 0.000358333199983463 0.00435833400115371 0.0013583330437541 0.00010001420014305 0.00010001420014305
0.000100064200523775 0.000100064200523775 0.00451333308592439 0.00455833412706852 0.00935833342373371 0.00935833342373371 0.00292333401739597 0.00389833399094641 0.000358333199983463 0.000358333199983463 0.000858333718497306 0.00010001420014305 0.000858333718497306 0.00185833300929517 0.00905833300203085 0.00010001420014305 0.00010001420014305 0.000358333199983463 0.0029583340510726 0.00010001420014305 0.00185833300929517 0.00185833300929517
0.000558333587832749 0.000558333587832749 0.00010001420014305 0.00935833342373371 0.00935833342373371 0.00935833342373371 0.0013583330437541 0.0013583330437541 0.00185833300929517 0.00159833300858736 0.0013583330437541 0.00701833423227072 0.0010583340190351 0.0013583330437541 0.0013583330437541 0.000358333199983463 0.00053833331912756 0.000100064200523775 0.0013583330437541 0.00778333283960819 0.00905833300203085 0.00905833300203085
0.00255833403207362 0.00255833403207362 0.000100064200523775 0.00315833301283419 0.00901433359831572 0.00431833323091269 0.000100064200523775 0.00727833295240998 0.00843433383852243 0.0027083340100944 0.00010001420014305 0.00407833280041814 0.0077583328820765 0.00145333295222372 0.00441833399236202 0.00521833309903741 0.00935833342373371 0.000358333199983463 0.00185833300929517 0.00010001420014305 0.000358333199983463 0.000358333199983463
0.00935833342373371 0.00935833342373371 0.000100004202977289 0.00355833396315575 0.00935833342373371 0.00425833417102695 0.000858333718497306 0.00155833398457617 0.000858333718497306 0.000100064200523775 0.00010001420014305 0.00136833300348371 0.00935833342373371 0.00285833305679262 0.00263833394274116 0.000658333301544189 0.00935833342373371 0.00926233362406492 0.00010001420014305 0.000334333395585418 0.00102833297569305 0.00102833297569305
0.00515833403915167 0.00515833403915167 0.000100034201750532 0.00935833342373371 0.00935833342373371 0.000100064200523775 0.00345833390019834 0.00375333405099809 0.00359833403490484 0.000100064200523775 0.00116833299398422 0.00831833388656378 0.00935833342373371 0.0093083344399929 0.00919433310627937 0.00931833405047655 0.00935833342373371 0.00508333276957273 0.000100064200523775 0.00185833300929517 0.00485833315178752 0.00485833315178752
0.00919333379715681 0.00919333379715681 0.00238833390176296 0.00825833342969418 0.00755833322182298 0.000100034201750532 0.00847833324223757 0.000333333009621128 0.000448333186795935 4.63336691609584E-5 0.000358333199983463 0.00010001420014305 0.00755833322182298 0.00737833417952061 0.00935833342373371 0.00935833342373371 0.00935833342373371 0.00895833410322666 0.00485833315178752 0.000100064200523775 0.000358333199983463 0.000358333199983463
0.0046833329834044 0.0046833329834044 0.000100064200523775 0.000858333718497306 0.00536833377555013 0.000100064200523775 0.000858333718497306 0.00385833298787475 0.00185833300929517 0.00363833410665393 0.00675833318382502 0.0013583330437541 0.00645833415910602 0.00535833276808262 0.00935833342373371 0.00935833342373371 0.00935833342373371 0.000618333579041064 0.00935833342373371 0.00165833299979568 0.0013583330437541 0.0013583330437541
0.00612833397462964 0.00612833397462964 0.00010001420014305 0.000858333718497306 0.00238333293236792 0.00331333302892745 0.00263833394274116 0.00616833381354809 0.00735833402723074 0.00611833296716213 0.00897833332419395 0.00875833444297314 0.00840833410620689 0.00935833342373371 0.00247833295725286 0.00935833342373371 0.00883333384990692 0.00245833396911621 0.000358333199983463 0.00718333292752504 0.00327833299525082 0.00327833299525082
0.0013583330437541 0.0013583330437541 0.00595833407714963 0.00185833300929517 0.00896833371371031 0.00837433338165283 0.00615833420306444 0.00916833337396383 0.00872833374887705 0.00235833297483623 0.00874333363026381 0.00909833330661058 0.00905833300203085 0.00839833356440067 0.00575833301991224 0.00641833292320371 0.000358333199983463 0.00185833300929517 0.00010001420014305 0.000100064200523775 0.00010001420014305 0.00010001420014305
0.00615833420306444 0.00615833420306444 0.00290833390317857 0.000988333369605243 0.000100064200523775 0.0033783339895308 0.00485833315178752 0.00587833300232887 0.00010001420014305 0.00539833400398493 0.0080683333799243 0.00735833402723074 0.00848233327269554 0.00575833301991224 0.00585833285003901 0.00835833325982094 0.0059783342294395 0.00787333305925131 0.000458333903225139 0.000358333199983463 0.00388333294540644 0.00388333294540644
0.00010001420014305 0.00010001420014305 0.000100064200523775 0.00422833301126957 0.00385833298787475 0.00533833401277661 0.00435833400115371 0.00435833400115371 0.0013583330437541 0.000358333199983463 0.000858333718497306 0.00873833429068327 0.00779833411797881 0.00388333294540644 0.00285833305679262 0.000358333199983463 0.000100064200523775 0.000358333199983463 0.00306833302602172 0.00860833283513784 0.00610833382233977 0.00610833382233977
0.00869833305478096 0.00869833305478096 0.00197133398614824 0.00152833305764943 0.00335833290591836 0.00435833400115371 0.00396833289414644 0.00440833298489451 0.00235833297483623 0.0013583330437541 0.0015683330129832 0.00930433254688978 0.00685833301395178 0.00185833300929517 0.00285833305679262 0.000658333301544189 0.00010001420014305 0.000100014796771575 0.000100064200523775 0.00435833400115371 0.000358333199983463 0.000358333199983463
0.00935833342373371 0.00935833342373371 0.00188933394383639 0.000358333199983463 0.00672333408147097 0.00877333339303732 0.00292333401739597 0.000358333199983463 0.00235833297483623 0.00743833417072892 0.0013583330437541 0.00875833444297314 0.00893833301961422 0.00887733418494463 0.00585833285003901 0.00674833403900266 0.00377833400852978 0.00655833398923278 0.00278833298943937 0.00235833297483623 0.00677333399653435 0.00677333399653435
0.00781833287328482 0.00781833287328482 0.00010001420014305 0.0013583330437541 0.000358333199983463 0.00185833300929517 0.00285833305679262 0.00305833411403 0.00285833305679262 0.00648833299055696 0.00840833410620689 0.00285833305679262 0.00852533336728811 0.00685833301395178 0.00435833400115371 0.00916833337396383 0.00935833342373371 0.00935833342373371 0.00935833342373371 0.0013583330437541 0.00320833292789757 0.00320833292789757
0.00767833413556218 0.00767833413556218 0.000100064200523775 0.00719833420589566 0.00155833398457617 0.0013583330437541 0.000358333199983463 0.00010001420014305 0.00422333320602775 0.000858333718497306 0.00616033421829343 0.000858333718497306 0.000358333199983463 0.00644833408296108 0.00385833298787475 0.00916833337396383 0.00935833342373371 0.00935833342373371 0.00935833342373371 0.00899833254516125 0.0013583330437541 0.0013583330437541
0.00435833400115371 0.00435833400115371 0.00535833276808262 0.000358333199983463 4.83334115415346E-5 0.000858333718497306 0.00935833342373371 0.00323833292350173 0.00285833305679262 0.00743833417072892 0.00285833305679262 0.000858333718497306 0.00010001420014305 0.00526333414018154 0.00776833295822144 0.00424833409488201 0.00935833342373371 0.00935833342373371 0.00782833341509104 0.00535833276808262 0.00107833300717175 0.00107833300717175
0.00585833285003901 0.00585833285003901 0.00551833398640156 0.00305833411403 0.000428332888986915 0.00935833342373371 0.00935833342373371 0.00935833342373371 0.00880833342671394 0.00536333303898573 0.00701833423227072 0.00010001420014305 0.0066943340934813 0.0013583330437541 0.00535833276808262 0.00575833301991224 0.00540833408012986 0.00242333393543959 0.000158333801664412 0.00585833285003901 0.000358333199983463 0.000358333199983463
0.00585833285003901 0.00585833285003901 0.00707833422347903 0.00508333276957273 0.000358333199983463 0.0026583329308778 0.000100064200523775 0.00844833254814148 0.00607333285734057 0.00770833296701312 0.00836833287030458 0.000100064200523775 0.00585833285003901 0.00388333294540644 0.0084583330899477 0.00292333401739597 0.00615833420306444 0.00010001420014305 0.00935833342373371 0.000100064200523775 0.000100064200523775 0.000100064200523775
0.00465833302587271 0.00465833302587271 0.00385833298787475 0.00913833361119032 0.00213833409361541 0.000858333718497306 0.00010001420014305 0.00538333412259817 0.00809833314269781 0.000898333382792771 0.00166333396919072 0.00571333384141326 0.00435833400115371 0.00648833299055696 0.00555833382532001 0.000858333718497306 0.00155833398457617 0.000100004202977289 0.00377833400852978 0.00075833301525563 0.00791833363473415 0.00791833363473415
