Input/input_p3/p3sm290806drain1.asc
ncols         22
nrows         62
xllcorner     0.00000000
yllcorner     0.00000000
cellsize      0.50000000
nodata_value  -9999
[rows 0 to 37 of 62, columns 0 to 21 of 22]
0.0989999994635582 0.0989999994635582 0.0929100066423416 0.0810199975967407 0.0989999994635582 0.0949399992823601 0.0989999994635582 0.0989999994635582 0.0923299938440323 0.0844999998807907 0.0700000002980232 0.0923299938440323 0.0989999994635582 0.098130002617836 0.0731900036334991 0.0989999994635582 0.0989999994635582 0.0989999994635582 0.0989999994635582 0.0798600018024445 0.0989999994635582 0.0989999994635582
0.0989999994635582 0.0989999994635582 0.0929100066423416 0.0810199975967407 0.0989999994635582 0.0949399992823601 0.0989999994635582 0.0989999994635582 0.0923299938440323 0.0844999998807907 0.0700000002980232 0.0923299938440323 0.0989999994635582 0.098130002617836 0.0731900036334991 0.0989999994635582 0.0989999994635582 0.0989999994635582 0.0989999994635582 0.0798600018024445 0.0989999994635582 0.0989999994635582
0.0827599987387657 0.0827599987387657 0.0989999994635582 0.0989999994635582 0.0781200081110001 0.0989999994635582 0.092620000243187 0.0763799995183945 0.0923299938440323 0.0989999994635582 0.0923299938440323 0.0749299973249435 0.0989999994635582 0.0931999981403351 0.0952299982309341 0.0989999994635582 0.0989999994635582 0.0929100066423416 0.0989999994635582 0.0989999994635582 0.0929100066423416 0.0929100066423416
0.0989999994635582 0.0989999994635582 0.0920400023460388 0.0989999994635582 0.0784099996089935 0.094650000333786 0.0905900001525879 0.0700000002980232 0.0989999994635582 0.0989999994635582 0.0989999994635582 0.0969699993729591 0.0989999994635582 0.072610005736351 0.0940699949860573 0.0989999994635582 0.0989999994635582 0.0798600018024445 0.0989999994635582 0.0955199971795082 0.0989999994635582 0.0989999994635582
0.0989999994635582 0.0989999994635582 0.0989999994635582 0.0989999994635582 0.0989999994635582 0.0839200019836426 0.0989999994635582 0.0833400040864944 0.0984200015664101 0.0989999994635582 0.0807300060987473 0.0989999994635582 0.0952299982309341 0.0934900045394897 0.0958099961280823 0.0989999994635582 0.0879800021648407 0.0989999994635582 0.0989999994635582 0.0700000002980232 0.0975499972701073 0.0975499972701073
0.0989999994635582 0.0989999994635582 0.0972599983215332 0.0931999981403351 0.0989999994635582 0.094650000333786 0.0989999994635582 0.0989999994635582 0.0989999994635582 0.0989999994635582 0.0989999994635582 0.0743499994277954 0.0989999994635582 0.0989999994635582 0.0989999994635582 0.0989999994635582 0.0897199958562851 0.0975499972701073 0.0989999994635582 0.0792800039052963 0.091169998049736 0.091169998049736
0.0781200081110001 0.0781200081110001 0.0989999994635582 0.0836299955844879 0.0989999994635582 0.0966800004243851 0.0989999994635582 0.0989999994635582 0.0989999994635582 0.0700000002980232 0.0801499933004379 0.0943599939346313 0.0989999994635582 0.0989999994635582 0.0989999994635582 0.0989999994635582 0.0989999994635582 0.0989999994635582 0.0989999994635582 0.0989999994635582 0.0989999994635582 0.0989999994635582
0.0989999994635582 0.0989999994635582 0.0836299955844879 0.0700000002980232 0.0989999994635582 0.0989999994635582 0.0807300060987473 0.0929100066423416 0.0989999994635582 0.0989999994635582 0.0949399992823601 0.0989999994635582 0.0865299999713898 0.0989999994635582 0.0929100066423416 0.0989999994635582 0.0989999994635582 0.0989999994635582 0.0920400023460388 0.0989999994635582 0.0989999994635582 0.0989999994635582
0.0920400023460388 0.0920400023460388 0.0734800025820732 0.0723199993371964 0.0969699993729591 0.0868199914693832 0.0740600004792213 0.0989999994635582 0.0989999994635582 0.0908800065517426 0.0989999994635582 0.0734800025820732 0.0989999994635582 0.0989999994635582 0.0989999994635582 0.0989999994635582 0.0989999994635582 0.0989999994635582 0.0989999994635582 0.0937799960374832 0.091169998049736 0.091169998049736
0.0862400010228157 0.0862400010228157 0.0731900036334991 0.0923299938440323 0.0975499972701073 0.0934900045394897 0.0989999994635582 0.0989999994635582 0.0700000002980232 0.0700000002980232 0.0700000002980232 0.0902999937534332 0.0989999994635582 0.0891400054097176 0.0989999994635582 0.0989999994635582 0.0897199958562851 0.0989999994635582 0.0989999994635582 0.0989999994635582 0.0989999994635582 0.0989999994635582
0.0989999994635582 0.0989999994635582 0.0989999994635582 0.0989999994635582 0.0989999994635582 0.0839200019836426 0.0731900036334991 0.0989999994635582 0.0700000002980232 0.0700000002980232 0.0700000002980232 0.0700000002980232 0.0897199958562851 0.0958099961280823 0.0839200019836426 0.096390001475811 0.0989999994635582 0.0989999994635582 0.0891400054097176 0.0989999994635582 0.0989999994635582 0.0989999994635582
0.0734800025820732 0.0734800025820732 0.0960999950766563 0.0989999994635582 0.0723199993371964 0.0902999937534332 0.0987100005149841 0.0989999994635582 0.0975499972701073 0.0700000002980232 0.0728999972343445 0.0894300043582916 0.0949399992823601 0.0720300003886223 0.0700000002980232 0.0827599987387657 0.0989999994635582 0.098130002617836 0.0804399996995926 0.0989999994635582 0.0989999994635582 0.0989999994635582
0.0989999994635582 0.0989999994635582 0.0989999994635582 0.0700000002980232 0.0989999994635582 0.0859500020742416 0.0989999994635582 0.0824699997901917 0.0975499972701073 0.0700000002980232 0.0975499972701073 0.0929100066423416 0.0711599960923195 0.0700000002980232 0.0700000002980232 0.0700000002980232 0.0989999994635582 0.0700000002980232 0.0813100039958954 0.0989999994635582 0.0914600044488907 0.0914600044488907
0.0700000002980232 0.0700000002980232 0.0700000002980232 0.0700000002980232 0.0700000002980232 0.0850799977779388 0.0989999994635582 0.0989999994635582 0.0853700041770935 0.0856600031256676 0.0868199914693832 0.0989999994635582 0.0833400040864944 0.0833400040864944 0.0700000002980232 0.0984200015664101 0.0989999994635582 0.0989999994635582 0.0989999994635582 0.096390001475811 0.0989999994635582 0.0989999994635582
0.0984200015664101 0.0984200015664101 0.0700000002980232 0.0700000002980232 0.0700000002980232 0.0987100005149841 0.0989999994635582 0.0702900066971779 0.0743499994277954 0.0798600018024445 0.092620000243187 0.0923299938440323 0.0984200015664101 0.0955199971795082 0.0989999994635582 0.0989999994635582 0.0839200019836426 0.0960999950766563 0.0813100039958954 0.0937799960374832 0.0987100005149841 0.0987100005149841
0.0807300060987473 0.0807300060987473 0.0818900018930435 0.0789899975061417 0.0700000002980232 0.0989999994635582 0.0850799977779388 0.0989999994635582 0.0989999994635582 0.0989999994635582 0.0989999994635582 0.0989999994635582 0.0989999994635582 0.0847899988293648 0.0989999994635582 0.0989999994635582 0.0923299938440323 0.0859500020742416 0.0989999994635582 0.0989999994635582 0.0989999994635582 0.0989999994635582
0.0989999994635582 0.0989999994635582 0.0989999994635582 0.0810199975967407 0.0723199993371964 0.0989999994635582 0.0989999994635582 0.0989999994635582 0.0989999994635582 0.0989999994635582 0.0989999994635582 0.0989999994635582 0.0989999994635582 0.0989999994635582 0.0989999994635582 0.070870004594326 0.0989999994635582 0.0989999994635582 0.0989999994635582 0.0989999994635582 0.0989999994635582 0.0989999994635582
0.0989999994635582 0.0989999994635582 0.0865299999713898 0.0839200019836426 0.0700000002980232 0.0700000002980232 0.0987100005149841 0.092620000243187 0.0989999994635582 0.0989999994635582 0.0989999994635582 0.0989999994635582 0.0989999994635582 0.0989999994635582 0.0758000016212463 0.0989999994635582 0.0989999994635582 0.0989999994635582 0.0931999981403351 0.0989999994635582 0.0989999994635582 0.0989999994635582
0.0989999994635582 0.0989999994635582 0.0989999994635582 0.0700000002980232 0.0700000002980232 0.0700000002980232 0.0989999994635582 0.0989999994635582 0.0989999994635582 0.098130002617836 0.0989999994635582 0.0775400027632713 0.0989999994635582 0.0989999994635582 0.0989999994635582 0.0989999994635582 0.0984200015664101 0.0989999994635582 0.0989999994635582 0.0760900005698204 0.0711599960923195 0.0711599960923195
0.094650000333786 0.094650000333786 0.0989999994635582 0.0879800021648407 0.0711599960923195 0.0862400010228157 0.0989999994635582 0.0792800039052963 0.0734800025820732 0.0902999937534332 0.0989999994635582 0.0891400054097176 0.0792800039052963 0.0969699993729591 0.0920400023460388 0.0833400040864944 0.0700000002980232 0.0989999994635582 0.0989999994635582 0.0989999994635582 0.0989999994635582 0.0989999994635582
0.0700000002980232 0.0700000002980232 0.0972599983215332 0.0868199914693832 0.0700000002980232 0.0847899988293648 0.0989999994635582 0.0989999994635582 0.0989999994635582 0.0989999994635582 0.0989999994635582 0.0972599983215332 0.0700000002980232 0.0989999994635582 0.0978400036692619 0.0989999994635582 0.0700000002980232 0.0702900066971779 0.0989999994635582 0.0972599983215332 0.0984200015664101 0.0984200015664101
0.0943599939346313 0.0943599939346313 0.0989999994635582 0.0700000002980232 0.0700000002980232 0.0989999994635582 0.0871099978685379 0.0871099978685379 0.0885600000619888 0.0989999994635582 0.096390001475811 0.0737700015306473 0.0700000002980232 0.0714500024914742 0.0818900018930435 0.0702900066971779 0.0700000002980232 0.0830499976873398 0.0989999994635582 0.0989999994635582 0.0989999994635582 0.0989999994635582
0.0731900036334991 0.0731900036334991 0.0937799960374832 0.0731900036334991 0.0752200037240982 0.0989999994635582 0.0731900036334991 0.0975499972701073 0.0987100005149841 0.0978400036692619 0.0989999994635582 0.0989999994635582 0.0816000029444695 0.0763799995183945 0.0700000002980232 0.0700000002980232 0.0700000002980232 0.0723199993371964 0.0989999994635582 0.0989999994635582 0.0989999994635582 0.0989999994635582
0.0859500020742416 0.0859500020742416 0.0989999994635582 0.0989999994635582 0.082179993391037 0.0989999994635582 0.0989999994635582 0.0989999994635582 0.0989999994635582 0.0955199971795082 0.0850799977779388 0.0989999994635582 0.0868199914693832 0.0989999994635582 0.0700000002980232 0.0700000002980232 0.0700000002980232 0.0966800004243851 0.0700000002980232 0.0989999994635582 0.0989999994635582 0.0989999994635582
0.0810199975967407 0.0810199975967407 0.0989999994635582 0.0989999994635582 0.0969699993729591 0.0969699993729591 0.0943599939346313 0.0868199914693832 0.0772500038146973 0.0908800065517426 0.0755099952220917 0.0989999994635582 0.0975499972701073 0.0700000002980232 0.0949399992823601 0.0700000002980232 0.0720300003886223 0.0966800004243851 0.0989999994635582 0.0784099996089935 0.0920400023460388 0.0920400023460388
0.0989999994635582 0.0989999994635582 0.0816000029444695 0.0917499959468842 0.0813100039958954 0.0937799960374832 0.0885600000619888 0.0810199975967407 0.082179993391037 0.0989999994635582 0.0818900018930435 0.0775400027632713 0.0989999994635582 0.0978400036692619 0.0931999981403351 0.0984200015664101 0.0989999994635582 0.0989999994635582 0.0989999994635582 0.0989999994635582 0.0989999994635582 0.0989999994635582
0.0816000029444695 0.0816000029444695 0.0949399992823601 0.0969699993729591 0.0989999994635582 0.0966800004243851 0.0989999994635582 0.0868199914693832 0.0989999994635582 0.0827599987387657 0.0949399992823601 0.0989999994635582 0.091169998049736 0.0960999950766563 0.0989999994635582 0.0758000016212463 0.0850799977779388 0.0987100005149841 0.0958099961280823 0.0989999994635582 0.091169998049736 0.091169998049736
0.0989999994635582 0.0989999994635582 0.0989999994635582 0.0865299999713898 0.0989999994635582 0.0894300043582916 0.0989999994635582 0.0989999994635582 0.0989999994635582 0.0989999994635582 0.0989999994635582 0.0789899975061417 0.092620000243187 0.091169998049736 0.0989999994635582 0.0989999994635582 0.0989999994635582 0.0989999994635582 0.0914600044488907 0.0917499959468842 0.0844999998807907 0.0844999998807907
0.0763799995183945 0.0763799995183945 0.0940699949860573 0.0952299982309341 0.0989999994635582 0.0989999994635582 0.0984200015664101 0.0891400054097176 0.0989999994635582 0.0989999994635582 0.0937799960374832 0.0752200037240982 0.0989999994635582 0.0989999994635582 0.0989999994635582 0.0989999994635582 0.0989999994635582 0.0984200015664101 0.0989999994635582 0.0989999994635582 0.0989999994635582 0.0989999994635582
0.0700000002980232 0.0700000002980232 0.0923299938440323 0.0989999994635582 0.0789899975061417 0.0737700015306473 0.0987100005149841 0.0989999994635582 0.0989999994635582 0.0792800039052963 0.0989999994635582 0.0989999994635582 0.082179993391037 0.0807300060987473 0.0989999994635582 0.0784099996089935 0.0879800021648407 0.0781200081110001 0.091169998049736 0.0989999994635582 0.0836299955844879 0.0836299955844879
0.0781200081110001 0.0781200081110001 0.0989999994635582 0.0989999994635582 0.0989999994635582 0.0989999994635582 0.0989999994635582 0.0960999950766563 0.0989999994635582 0.0818900018930435 0.0975499972701073 0.0989999994635582 0.0842100009322166 0.0989999994635582 0.0989999994635582 0.0705799981951714 0.0700000002980232 0.0700000002980232 0.0700000002980232 0.0989999994635582 0.0937799960374832 0.0937799960374832
0.0781200081110001 0.0781200081110001 0.0989999994635582 0.0769599974155426 0.092620000243187 0.0989999994635582 0.0989999994635582 0.0989999994635582 0.0929100066423416 0.0989999994635582 0.0818900018930435 0.0989999994635582 0.0989999994635582 0.098130002617836 0.0989999994635582 0.0705799981951714 0.0700000002980232 0.0700000002980232 0.0700000002980232 0.0711599960923195 0.0989999994635582 0.0989999994635582
0.0989999994635582 0.0989999994635582 0.0989999994635582 0.0989999994635582 0.0984200015664101 0.0989999994635582 0.0700000002980232 0.0908800065517426 0.0989999994635582 0.0769599974155426 0.0989999994635582 0.0989999994635582 0.0989999994635582 0.096390001475811 0.0853700041770935 0.091169998049736 0.0700000002980232 0.0700000002980232 0.0749299973249435 0.0816000029444695 0.0966800004243851 0.0966800004243851
0.0989999994635582 0.0989999994635582 0.0978400036692619 0.0902999937534332 0.0972599983215332 0.0700000002980232 0.0700000002980232 0.0700000002980232 0.0728999972343445 0.0836299955844879 0.0813100039958954 0.0989999994635582 0.0914600044488907 0.0989999994635582 0.0989999994635582 0.0931999981403351 0.0929100066423416 0.091169998049736 0.0966800004243851 0.0801499933004379 0.0989999994635582 0.0989999994635582
0.0989999994635582 0.0989999994635582 0.0810199975967407 0.0865299999713898 0.0989999994635582 0.0894300043582916 0.0989999994635582 0.0737700015306473 0.091169998049736 0.0763799995183945 0.0763799995183945 0.0989999994635582 0.0989999994635582 0.091169998049736 0.0874000042676926 0.0987100005149841 0.0885600000619888 0.0989999994635582 0.0700000002980232 0.0989999994635582 0.0989999994635582 0.0989999994635582
0.0989999994635582 0.0989999994635582 0.0989999994635582 0.0731900036334991 0.0920400023460388 0.0989999994635582 0.0989999994635582 0.0853700041770935 0.0781200081110001 0.0972599983215332 0.0934900045394897 0.0934900045394897 0.0989999994635582 0.0937799960374832 0.0989999994635582 0.0989999994635582 0.0989999994635582 0.0972599983215332 0.0879800021648407 0.0949399992823601 0.0752200037240982 0.0752200037240982
0.0917499959468842 0.0917499959468842 0.0989999994635582 0.0833400040864944 0.0989999994635582 0.0989999994635582 0.0984200015664101 0.094650000333786 0.0798600018024445 0.0989999994635582 0.0989999994635582 0.0989999994635582 0.0989999994635582 0.0966800004243851 0.0891400054097176 0.0987100005149841 0.0943599939346313 0.0989999994635582 0.0989999994635582 0.0816000029444695 0.0917499959468842 0.0917499959468842
0.0960999950766563 0.0960999950766563 0.0989999994635582 0.0871099978685379 0.0989999994635582 0.0859500020742416 0.0746399983763695 0.0989999994635582 0.0923299938440323 0.0989999994635582 0.0763799995183945 0.0989999994635582 0.0897199958562851 0.0705799981951714 0.0700000002980232 0.0700000002980232 0.0989999994635582 0.0952299982309341 0.072610005736351 0.0937799960374832 0.0891400054097176 0.0891400054097176
