Input/input_p3/plot3_phi2.asc
ncols         22
nrows         62
xllcorner     0.00000000
yllcorner     0.00000000
cellsize      0.5
nodata_value  -9999
[rows 0 to 39 of 62, columns 0 to 21 of 22]
0.203999996185303 0.203999996185303 0.240644991397858 0.312189966440201 0.203999996185303 0.22843000292778 0.203999996185303 0.203999996185303 0.244134977459908 0.291249990463257 0.378499984741211 0.244134977459908 0.203999996185303 0.209234997630119 0.359304964542389 0.203999996185303 0.203999996185303 0.203999996185303 0.203999996185303 0.319169998168945 0.203999996185303 0.203999996185303
0.203999996185303 0.203999996185303 0.240644991397858 0.312189966440201 0.203999996185303 0.22843000292778 0.203999996185303 0.203999996185303 0.244134977459908 0.291249990463257 0.378499984741211 0.244134977459908 0.203999996185303 0.209234997630119 0.359304964542389 0.203999996185303 0.203999996185303 0.203999996185303 0.203999996185303 0.319169998168945 0.203999996185303 0.203999996185303
0.30171999335289 0.30171999335289 0.203999996185303 0.203999996185303 0.329640001058578 0.203999996185303 0.242389976978302 0.340109974145889 0.244134977459908 0.203999996185303 0.244134977459908 0.348834991455078 0.203999996185303 0.238899990916252 0.226684987545013 0.203999996185303 0.203999996185303 0.240644991397858 0.203999996185303 0.203999996185303 0.240644991397858 0.240644991397858
0.203999996185303 0.203999996185303 0.245879992842674 0.203999996185303 0.327894985675812 0.230175003409386 0.254604995250702 0.378499984741211 0.203999996185303 0.203999996185303 0.203999996185303 0.216214999556541 0.203999996185303 0.362794995307922 0.233664989471436 0.203999996185303 0.203999996185303 0.319169998168945 0.203999996185303 0.224940001964569 0.203999996185303 0.203999996185303
0.203999996185303 0.203999996185303 0.203999996185303 0.203999996185303 0.203999996185303 0.294739991426468 0.203999996185303 0.298229992389679 0.207490012049675 0.203999996185303 0.313934981822968 0.203999996185303 0.226684987545013 0.237155005335808 0.223195001482964 0.203999996185303 0.27030998468399 0.203999996185303 0.203999996185303 0.378499984741211 0.212724983692169 0.212724983692169
0.203999996185303 0.203999996185303 0.214469984173775 0.238899990916252 0.203999996185303 0.230175003409386 0.203999996185303 0.203999996185303 0.203999996185303 0.203999996185303 0.203999996185303 0.352325022220612 0.203999996185303 0.203999996185303 0.203999996185303 0.203999996185303 0.259839981794357 0.212724983692169 0.203999996185303 0.322659999132156 0.251114994287491 0.251114994287491
0.329640001058578 0.329640001058578 0.203999996185303 0.296484977006912 0.203999996185303 0.217960000038147 0.203999996185303 0.203999996185303 0.203999996185303 0.378499984741211 0.317424982786179 0.23191998898983 0.203999996185303 0.203999996185303 0.203999996185303 0.203999996185303 0.203999996185303 0.203999996185303 0.203999996185303 0.203999996185303 0.203999996185303 0.203999996185303
0.203999996185303 0.203999996185303 0.296484977006912 0.378499984741211 0.203999996185303 0.203999996185303 0.313934981822968 0.240644991397858 0.203999996185303 0.203999996185303 0.22843000292778 0.203999996185303 0.279035001993179 0.203999996185303 0.240644991397858 0.203999996185303 0.203999996185303 0.203999996185303 0.245879992842674 0.203999996185303 0.203999996185303 0.203999996185303
0.245879992842674 0.245879992842674 0.357559978961945 0.364539980888367 0.216214999556541 0.277289986610413 0.354069977998734 0.203999996185303 0.203999996185303 0.252859979867935 0.203999996185303 0.357559978961945 0.203999996185303 0.203999996185303 0.203999996185303 0.203999996185303 0.203999996185303 0.203999996185303 0.203999996185303 0.235409989953041 0.251114994287491 0.251114994287491
0.280779987573624 0.280779987573624 0.359304964542389 0.244134977459908 0.212724983692169 0.237155005335808 0.203999996185303 0.203999996185303 0.378499984741211 0.378499984741211 0.378499984741211 0.256349980831146 0.203999996185303 0.263330012559891 0.203999996185303 0.203999996185303 0.259839981794357 0.203999996185303 0.203999996185303 0.203999996185303 0.203999996185303 0.203999996185303
0.203999996185303 0.203999996185303 0.203999996185303 0.203999996185303 0.203999996185303 0.294739991426468 0.359304964542389 0.203999996185303 0.378499984741211 0.378499984741211 0.378499984741211 0.378499984741211 0.259839981794357 0.223195001482964 0.294739991426468 0.219705015420914 0.203999996185303 0.203999996185303 0.263330012559891 0.203999996185303 0.203999996185303 0.203999996185303
0.357559978961945 0.357559978961945 0.221449986100197 0.203999996185303 0.364539980888367 0.256349980831146 0.205744996666908 0.203999996185303 0.212724983692169 0.378499984741211 0.361050009727478 0.261584997177124 0.22843000292778 0.366285026073456 0.378499984741211 0.30171999335289 0.203999996185303 0.209234997630119 0.315679997205734 0.203999996185303 0.203999996185303 0.203999996185303
0.203999996185303 0.203999996185303 0.203999996185303 0.378499984741211 0.203999996185303 0.282524973154068 0.203999996185303 0.303465008735657 0.212724983692169 0.378499984741211 0.212724983692169 0.240644991397858 0.371520012617111 0.378499984741211 0.378499984741211 0.378499984741211 0.203999996185303 0.378499984741211 0.310444980859756 0.203999996185303 0.249370008707047 0.249370008707047
0.378499984741211 0.378499984741211 0.378499984741211 0.378499984741211 0.378499984741211 0.287759989500046 0.203999996185303 0.203999996185303 0.286014974117279 0.284269988536835 0.277289986610413 0.203999996185303 0.298229992389679 0.298229992389679 0.378499984741211 0.207490012049675 0.203999996185303 0.203999996185303 0.203999996185303 0.219705015420914 0.203999996185303 0.203999996185303
0.207490012049675 0.207490012049675 0.378499984741211 0.378499984741211 0.378499984741211 0.205744996666908 0.203999996185303 0.376754999160767 0.352325022220612 0.319169998168945 0.242389976978302 0.244134977459908 0.207490012049675 0.224940001964569 0.203999996185303 0.203999996185303 0.294739991426468 0.221449986100197 0.310444980859756 0.235409989953041 0.205744996666908 0.205744996666908
0.313934981822968 0.313934981822968 0.306954950094223 0.324404984712601 0.378499984741211 0.203999996185303 0.287759989500046 0.203999996185303 0.203999996185303 0.203999996185303 0.203999996185303 0.203999996185303 0.203999996185303 0.28950497508049 0.203999996185303 0.203999996185303 0.244134977459908 0.282524973154068 0.203999996185303 0.203999996185303 0.203999996185303 0.203999996185303
0.203999996185303 0.203999996185303 0.203999996185303 0.312189966440201 0.364539980888367 0.203999996185303 0.203999996185303 0.203999996185303 0.203999996185303 0.203999996185303 0.203999996185303 0.203999996185303 0.203999996185303 0.203999996185303 0.203999996185303 0.373264998197556 0.203999996185303 0.203999996185303 0.203999996185303 0.203999996185303 0.203999996185303 0.203999996185303
0.203999996185303 0.203999996185303 0.279035001993179 0.294739991426468 0.378499984741211 0.378499984741211 0.205744996666908 0.242389976978302 0.203999996185303 0.203999996185303 0.203999996185303 0.203999996185303 0.203999996185303 0.203999996185303 0.343600004911423 0.203999996185303 0.203999996185303 0.203999996185303 0.238899990916252 0.203999996185303 0.203999996185303 0.203999996185303
0.203999996185303 0.203999996185303 0.203999996185303 0.378499984741211 0.378499984741211 0.378499984741211 0.203999996185303 0.203999996185303 0.203999996185303 0.209234997630119 0.203999996185303 0.33313000202179 0.203999996185303 0.203999996185303 0.203999996185303 0.203999996185303 0.207490012049675 0.203999996185303 0.203999996185303 0.341854959726334 0.371520012617111 0.371520012617111
0.230175003409386 0.230175003409386 0.203999996185303 0.27030998468399 0.371520012617111 0.280779987573624 0.203999996185303 0.322659999132156 0.357559978961945 0.256349980831146 0.203999996185303 0.263330012559891 0.322659999132156 0.216214999556541 0.245879992842674 0.298229992389679 0.378499984741211 0.203999996185303 0.203999996185303 0.203999996185303 0.203999996185303 0.203999996185303
0.378499984741211 0.378499984741211 0.214469984173775 0.277289986610413 0.378499984741211 0.28950497508049 0.203999996185303 0.203999996185303 0.203999996185303 0.203999996185303 0.203999996185303 0.214469984173775 0.378499984741211 0.203999996185303 0.210979998111725 0.203999996185303 0.378499984741211 0.376754999160767 0.203999996185303 0.214469984173775 0.207490012049675 0.207490012049675
0.23191998898983 0.23191998898983 0.203999996185303 0.378499984741211 0.378499984741211 0.203999996185303 0.275545001029968 0.275545001029968 0.266819983720779 0.203999996185303 0.219705015420914 0.355815023183823 0.378499984741211 0.369774967432022 0.306954950094223 0.376754999160767 0.378499984741211 0.299974977970123 0.203999996185303 0.203999996185303 0.203999996185303 0.203999996185303
0.359304964542389 0.359304964542389 0.235409989953041 0.359304964542389 0.347090005874634 0.203999996185303 0.359304964542389 0.212724983692169 0.205744996666908 0.210979998111725 0.203999996185303 0.203999996185303 0.308699995279312 0.340109974145889 0.378499984741211 0.378499984741211 0.378499984741211 0.364539980888367 0.203999996185303 0.203999996185303 0.203999996185303 0.203999996185303
0.282524973154068 0.282524973154068 0.203999996185303 0.203999996185303 0.305209994316101 0.203999996185303 0.203999996185303 0.203999996185303 0.203999996185303 0.224940001964569 0.287759989500046 0.203999996185303 0.277289986610413 0.203999996185303 0.378499984741211 0.378499984741211 0.378499984741211 0.217960000038147 0.378499984741211 0.203999996185303 0.203999996185303 0.203999996185303
0.312189966440201 0.312189966440201 0.203999996185303 0.203999996185303 0.216214999556541 0.216214999556541 0.23191998898983 0.277289986610413 0.334874987602234 0.252859979867935 0.345344990491867 0.203999996185303 0.212724983692169 0.378499984741211 0.22843000292778 0.378499984741211 0.366285026073456 0.217960000038147 0.203999996185303 0.327894985675812 0.245879992842674 0.245879992842674
0.203999996185303 0.203999996185303 0.308699995279312 0.24762499332428 0.310444980859756 0.235409989953041 0.266819983720779 0.312189966440201 0.305209994316101 0.203999996185303 0.306954950094223 0.33313000202179 0.203999996185303 0.210979998111725 0.238899990916252 0.207490012049675 0.203999996185303 0.203999996185303 0.203999996185303 0.203999996185303 0.203999996185303 0.203999996185303
0.308699995279312 0.308699995279312 0.22843000292778 0.216214999556541 0.203999996185303 0.217960000038147 0.203999996185303 0.277289986610413 0.203999996185303 0.30171999335289 0.22843000292778 0.203999996185303 0.251114994287491 0.221449986100197 0.203999996185303 0.343600004911423 0.287759989500046 0.205744996666908 0.223195001482964 0.203999996185303 0.251114994287491 0.251114994287491
0.203999996185303 0.203999996185303 0.203999996185303 0.279035001993179 0.203999996185303 0.261584997177124 0.203999996185303 0.203999996185303 0.203999996185303 0.203999996185303 0.203999996185303 0.324404984712601 0.242389976978302 0.251114994287491 0.203999996185303 0.203999996185303 0.203999996185303 0.203999996185303 0.249370008707047 0.24762499332428 0.291249990463257 0.291249990463257
0.340109974145889 0.340109974145889 0.233664989471436 0.226684987545013 0.203999996185303 0.203999996185303 0.207490012049675 0.263330012559891 0.203999996185303 0.203999996185303 0.235409989953041 0.347090005874634 0.203999996185303 0.203999996185303 0.203999996185303 0.203999996185303 0.203999996185303 0.207490012049675 0.203999996185303 0.203999996185303 0.203999996185303 0.203999996185303
0.378499984741211 0.378499984741211 0.244134977459908 0.203999996185303 0.324404984712601 0.355815023183823 0.205744996666908 0.203999996185303 0.203999996185303 0.322659999132156 0.203999996185303 0.203999996185303 0.305209994316101 0.313934981822968 0.203999996185303 0.327894985675812 0.27030998468399 0.329640001058578 0.251114994287491 0.203999996185303 0.296484977006912 0.296484977006912
0.329640001058578 0.329640001058578 0.203999996185303 0.203999996185303 0.203999996185303 0.203999996185303 0.203999996185303 0.221449986100197 0.203999996185303 0.306954950094223 0.212724983692169 0.203999996185303 0.292995005846024 0.203999996185303 0.203999996185303 0.375009983778 0.378499984741211 0.378499984741211 0.378499984741211 0.203999996185303 0.235409989953041 0.235409989953041
0.329640001058578 0.329640001058578 0.203999996185303 0.336619973182678 0.242389976978302 0.203999996185303 0.203999996185303 0.203999996185303 0.240644991397858 0.203999996185303 0.306954950094223 0.203999996185303 0.203999996185303 0.209234997630119 0.203999996185303 0.375009983778 0.378499984741211 0.378499984741211 0.378499984741211 0.371520012617111 0.203999996185303 0.203999996185303
0.203999996185303 0.203999996185303 0.203999996185303 0.203999996185303 0.207490012049675 0.203999996185303 0.378499984741211 0.252859979867935 0.203999996185303 0.336619973182678 0.203999996185303 0.203999996185303 0.203999996185303 0.219705015420914 0.286014974117279 0.251114994287491 0.378499984741211 0.378499984741211 0.348834991455078 0.308699995279312 0.217960000038147 0.217960000038147
0.203999996185303 0.203999996185303 0.210979998111725 0.256349980831146 0.214469984173775 0.378499984741211 0.378499984741211 0.378499984741211 0.361050009727478 0.296484977006912 0.310444980859756 0.203999996185303 0.249370008707047 0.203999996185303 0.203999996185303 0.238899990916252 0.240644991397858 0.251114994287491 0.217960000038147 0.317424982786179 0.203999996185303 0.203999996185303
0.203999996185303 0.203999996185303 0.312189966440201 0.279035001993179 0.203999996185303 0.261584997177124 0.203999996185303 0.355815023183823 0.251114994287491 0.340109974145889 0.340109974145889 0.203999996185303 0.203999996185303 0.251114994287491 0.273800015449524 0.205744996666908 0.266819983720779 0.203999996185303 0.378499984741211 0.203999996185303 0.203999996185303 0.203999996185303
0.203999996185303 0.203999996185303 0.203999996185303 0.359304964542389 0.245879992842674 0.203999996185303 0.203999996185303 0.286014974117279 0.329640001058578 0.214469984173775 0.237155005335808 0.237155005335808 0.203999996185303 0.235409989953041 0.203999996185303 0.203999996185303 0.203999996185303 0.214469984173775 0.27030998468399 0.22843000292778 0.347090005874634 0.347090005874634
0.24762499332428 0.24762499332428 0.203999996185303 0.298229992389679 0.203999996185303 0.203999996185303 0.207490012049675 0.230175003409386 0.319169998168945 0.203999996185303 0.203999996185303 0.203999996185303 0.203999996185303 0.217960000038147 0.263330012559891 0.205744996666908 0.23191998898983 0.203999996185303 0.203999996185303 0.308699995279312 0.24762499332428 0.24762499332428
0.221449986100197 0.221449986100197 0.203999996185303 0.275545001029968 0.203999996185303 0.282524973154068 0.350579977035522 0.203999996185303 0.244134977459908 0.203999996185303 0.340109974145889 0.203999996185303 0.259839981794357 0.375009983778 0.378499984741211 0.378499984741211 0.203999996185303 0.226684987545013 0.362794995307922 0.235409989953041 0.263330012559891 0.263330012559891
0.203999996185303 0.203999996185303 0.203999996185303 0.27030998468399 0.216214999556541 0.203999996185303 0.203999996185303 0.203999996185303 0.203999996185303 0.203999996185303 0.203999996185303 0.27030998468399 0.203999996185303 0.312189966440201 0.340109974145889 0.207490012049675 0.203999996185303 0.217960000038147 0.244134977459908 0.223195001482964 0.251114994287491 0.251114994287491
0.203999996185303 0.203999996185303 0.207490012049675 0.280779987573624 0.378499984741211 0.203999996185303 0.203999996185303 0.212724983692169 0.203999996185303 0.203999996185303 0.324404984712601 0.238899990916252 0.203999996185303 0.203999996185303 0.212724983692169 0.203999996185303 0.203999996185303 0.216214999556541 0.371520012617111 0.203999996185303 0.223195001482964 0.223195001482964
