Input/input_p3/plot3_phi3.asc
ncols         22
nrows         62
xllcorner     0.00000000
yllcorner     0.00000000
cellsize      0.5
nodata_value  -9999
[rows 0 to 36 of 62, columns 0 to 21 of 22]
0.00800000037997961 0.00800000037997961 0.012410000897944 0.0210200008004904 0.00800000037997961 0.0109400013461709 0.00800000037997961 0.00800000037997961 0.0128300003707409 0.0185000002384186 0.0290000010281801 0.0128300003707409 0.00800000037997961 0.00863000005483627 0.0266900006681681 0.00800000037997961 0.00800000037997961 0.00800000037997961 0.00800000037997961 0.0218600016087294 0.00800000037997961 0.00800000037997961
0.00800000037997961 0.00800000037997961 0.012410000897944 0.0210200008004904 0.00800000037997961 0.0109400013461709 0.00800000037997961 0.00800000037997961 0.0128300003707409 0.0185000002384186 0.0290000010281801 0.0128300003707409 0.00800000037997961 0.00863000005483627 0.0266900006681681 0.00800000037997961 0.00800000037997961 0.00800000037997961 0.00800000037997961 0.0218600016087294 0.00800000037997961 0.00800000037997961
0.0197600014507771 0.0197600014507771 0.00800000037997961 0.00800000037997961 0.0231200009584427 0.00800000037997961 0.0126200011000037 0.0243800021708012 0.0128300003707409 0.00800000037997961 0.0128300003707409 0.0254299994558096 0.00800000037997961 0.0122000006958842 0.0107300011441112 0.00800000037997961 0.00800000037997961 0.012410000897944 0.00800000037997961 0.00800000037997961 0.012410000897944 0.012410000897944
0.00800000037997961 0.00800000037997961 0.0130399987101555 0.00800000037997961 0.0229099988937378 0.0111499996855855 0.0140900006517768 0.0290000010281801 0.00800000037997961 0.00800000037997961 0.00800000037997961 0.00946999993175268 0.00800000037997961 0.0271100029349327 0.0115700010210276 0.00800000037997961 0.00800000037997961 0.0218600016087294 0.00800000037997961 0.0105200000107288 0.00800000037997961 0.00800000037997961
0.00800000037997961 0.00800000037997961 0.00800000037997961 0.00800000037997961 0.00800000037997961 0.0189199987798929 0.00800000037997961 0.0193400010466576 0.0084200007840991 0.00800000037997961 0.0212300010025501 0.00800000037997961 0.0107300011441112 0.0119899995625019 0.0103099998086691 0.00800000037997961 0.0159799996763468 0.00800000037997961 0.00800000037997961 0.0290000010281801 0.00904999952763319 0.00904999952763319
0.00800000037997961 0.00800000037997961 0.00925999972969294 0.0122000006958842 0.00800000037997961 0.0111499996855855 0.00800000037997961 0.00800000037997961 0.00800000037997961 0.00800000037997961 0.00800000037997961 0.0258499998599291 0.00800000037997961 0.00800000037997961 0.00800000037997961 0.00800000037997961 0.014720001257956 0.00904999952763319 0.00800000037997961 0.0222800020128489 0.0136700011789799 0.0136700011789799
0.0231200009584427 0.0231200009584427 0.00800000037997961 0.0191299989819527 0.00800000037997961 0.00968000013381243 0.00800000037997961 0.00800000037997961 0.00800000037997961 0.0290000010281801 0.0216499995440245 0.0113600008189678 0.00800000037997961 0.00800000037997961 0.00800000037997961 0.00800000037997961 0.00800000037997961 0.00800000037997961 0.00800000037997961 0.00800000037997961 0.00800000037997961 0.00800000037997961
0.00800000037997961 0.00800000037997961 0.0191299989819527 0.0290000010281801 0.00800000037997961 0.00800000037997961 0.0212300010025501 0.012410000897944 0.00800000037997961 0.00800000037997961 0.0109400013461709 0.00800000037997961 0.0170300006866455 0.00800000037997961 0.012410000897944 0.00800000037997961 0.00800000037997961 0.00800000037997961 0.0130399987101555 0.00800000037997961 0.00800000037997961 0.00800000037997961
0.0130399987101555 0.0130399987101555 0.0264800004661083 0.0273200012743473 0.00946999993175268 0.0168200004845858 0.026060001924634 0.00800000037997961 0.00800000037997961 0.013880000449717 0.00800000037997961 0.0264800004661083 0.00800000037997961 0.00800000037997961 0.00800000037997961 0.00800000037997961 0.00800000037997961 0.00800000037997961 0.00800000037997961 0.0117799993604422 0.0136700011789799 0.0136700011789799
0.0172399990260601 0.0172399990260601 0.0266900006681681 0.0128300003707409 0.00904999952763319 0.0119899995625019 0.00800000037997961 0.00800000037997961 0.0290000010281801 0.0290000010281801 0.0290000010281801 0.0143000008538365 0.00800000037997961 0.0151400016620755 0.00800000037997961 0.00800000037997961 0.014720001257956 0.00800000037997961 0.00800000037997961 0.00800000037997961 0.00800000037997961 0.00800000037997961
0.00800000037997961 0.00800000037997961 0.00800000037997961 0.00800000037997961 0.00800000037997961 0.0189199987798929 0.0266900006681681 0.00800000037997961 0.0290000010281801 0.0290000010281801 0.0290000010281801 0.0290000010281801 0.014720001257956 0.0103099998086691 0.0189199987798929 0.00989000126719475 0.00800000037997961 0.00800000037997961 0.0151400016620755 0.00800000037997961 0.00800000037997961 0.00800000037997961
0.0264800004661083 0.0264800004661083 0.0100999996066093 0.00800000037997961 0.0273200012743473 0.0143000008538365 0.00820999965071678 0.00800000037997961 0.00904999952763319 0.0290000010281801 0.0269000008702278 0.0149300005286932 0.0109400013461709 0.0275299996137619 0.0290000010281801 0.0197600014507771 0.00800000037997961 0.00863000005483627 0.0214400012046099 0.00800000037997961 0.00800000037997961 0.00800000037997961
0.00800000037997961 0.00800000037997961 0.00800000037997961 0.0290000010281801 0.00800000037997961 0.017450001090765 0.00800000037997961 0.0199699997901917 0.00904999952763319 0.0290000010281801 0.00904999952763319 0.012410000897944 0.0281600002199411 0.0290000010281801 0.0290000010281801 0.0290000010281801 0.00800000037997961 0.0290000010281801 0.0208100005984306 0.00800000037997961 0.013459999114275 0.013459999114275
0.0290000010281801 0.0290000010281801 0.0290000010281801 0.0290000010281801 0.0290000010281801 0.0180799998342991 0.00800000037997961 0.00800000037997961 0.0178700014948845 0.0176600012928247 0.0168200004845858 0.00800000037997961 0.0193400010466576 0.0193400010466576 0.0290000010281801 0.0084200007840991 0.00800000037997961 0.00800000037997961 0.00800000037997961 0.00989000126719475 0.00800000037997961 0.00800000037997961
0.0084200007840991 0.0084200007840991 0.0290000010281801 0.0290000010281801 0.0290000010281801 0.00820999965071678 0.00800000037997961 0.0287899989634752 0.0258499998599291 0.0218600016087294 0.0126200011000037 0.0128300003707409 0.0084200007840991 0.0105200000107288 0.00800000037997961 0.00800000037997961 0.0189199987798929 0.0100999996066093 0.0208100005984306 0.0117799993604422 0.00820999965071678 0.00820999965071678
0.0212300010025501 0.0212300010025501 0.0203900001943111 0.0224900003522635 0.0290000010281801 0.00800000037997961 0.0180799998342991 0.00800000037997961 0.00800000037997961 0.00800000037997961 0.00800000037997961 0.00800000037997961 0.00800000037997961 0.018290001899004 0.00800000037997961 0.00800000037997961 0.0128300003707409 0.017450001090765 0.00800000037997961 0.00800000037997961 0.00800000037997961 0.00800000037997961
0.00800000037997961 0.00800000037997961 0.00800000037997961 0.0210200008004904 0.0273200012743473 0.00800000037997961 0.00800000037997961 0.00800000037997961 0.00800000037997961 0.00800000037997961 0.00800000037997961 0.00800000037997961 0.00800000037997961 0.00800000037997961 0.00800000037997961 0.0283700004220009 0.00800000037997961 0.00800000037997961 0.00800000037997961 0.00800000037997961 0.00800000037997961 0.00800000037997961
0.00800000037997961 0.00800000037997961 0.0170300006866455 0.0189199987798929 0.0290000010281801 0.0290000010281801 0.00820999965071678 0.0126200011000037 0.00800000037997961 0.00800000037997961 0.00800000037997961 0.00800000037997961 0.00800000037997961 0.00800000037997961 0.0248000025749207 0.00800000037997961 0.00800000037997961 0.00800000037997961 0.0122000006958842 0.00800000037997961 0.00800000037997961 0.00800000037997961
0.00800000037997961 0.00800000037997961 0.00800000037997961 0.0290000010281801 0.0290000010281801 0.0290000010281801 0.00800000037997961 0.00800000037997961 0.00800000037997961 0.00863000005483627 0.00800000037997961 0.0235400013625622 0.00800000037997961 0.00800000037997961 0.00800000037997961 0.00800000037997961 0.0084200007840991 0.00800000037997961 0.00800000037997961 0.0245900005102158 0.0281600002199411 0.0281600002199411
0.0111499996855855 0.0111499996855855 0.00800000037997961 0.0159799996763468 0.0281600002199411 0.0172399990260601 0.00800000037997961 0.0222800020128489 0.0264800004661083 0.0143000008538365 0.00800000037997961 0.0151400016620755 0.0222800020128489 0.00946999993175268 0.0130399987101555 0.0193400010466576 0.0290000010281801 0.00800000037997961 0.00800000037997961 0.00800000037997961 0.00800000037997961 0.00800000037997961
0.0290000010281801 0.0290000010281801 0.00925999972969294 0.0168200004845858 0.0290000010281801 0.018290001899004 0.00800000037997961 0.00800000037997961 0.00800000037997961 0.00800000037997961 0.00800000037997961 0.00925999972969294 0.0290000010281801 0.00800000037997961 0.00884000025689602 0.00800000037997961 0.0290000010281801 0.0287899989634752 0.00800000037997961 0.00925999972969294 0.0084200007840991 0.0084200007840991
0.0113600008189678 0.0113600008189678 0.00800000037997961 0.0290000010281801 0.0290000010281801 0.00800000037997961 0.016610000282526 0.016610000282526 0.0155600002035499 0.00800000037997961 0.00989000126719475 0.0262700002640486 0.0290000010281801 0.0279500000178814 0.0203900001943111 0.0287899989634752 0.0290000010281801 0.0195500012487173 0.00800000037997961 0.00800000037997961 0.00800000037997961 0.00800000037997961
0.0266900006681681 0.0266900006681681 0.0117799993604422 0.0266900006681681 0.025220001116395 0.00800000037997961 0.0266900006681681 0.00904999952763319 0.00820999965071678 0.00884000025689602 0.00800000037997961 0.00800000037997961 0.020600002259016 0.0243800021708012 0.0290000010281801 0.0290000010281801 0.0290000010281801 0.0273200012743473 0.00800000037997961 0.00800000037997961 0.00800000037997961 0.00800000037997961
0.017450001090765 0.017450001090765 0.00800000037997961 0.00800000037997961 0.0201800018548965 0.00800000037997961 0.00800000037997961 0.00800000037997961 0.00800000037997961 0.0105200000107288 0.0180799998342991 0.00800000037997961 0.0168200004845858 0.00800000037997961 0.0290000010281801 0.0290000010281801 0.0290000010281801 0.00968000013381243 0.0290000010281801 0.00800000037997961 0.00800000037997961 0.00800000037997961
0.0210200008004904 0.0210200008004904 0.00800000037997961 0.00800000037997961 0.00946999993175268 0.00946999993175268 0.0113600008189678 0.0168200004845858 0.0237500015646219 0.013880000449717 0.0250099990516901 0.00800000037997961 0.00904999952763319 0.0290000010281801 0.0109400013461709 0.0290000010281801 0.0275299996137619 0.00968000013381243 0.00800000037997961 0.0229099988937378 0.0130399987101555 0.0130399987101555
0.00800000037997961 0.00800000037997961 0.020600002259016 0.0132500007748604 0.0208100005984306 0.0117799993604422 0.0155600002035499 0.0210200008004904 0.0201800018548965 0.00800000037997961 0.0203900001943111 0.0235400013625622 0.00800000037997961 0.00884000025689602 0.0122000006958842 0.0084200007840991 0.00800000037997961 0.00800000037997961 0.00800000037997961 0.00800000037997961 0.00800000037997961 0.00800000037997961
0.020600002259016 0.020600002259016 0.0109400013461709 0.00946999993175268 0.00800000037997961 0.00968000013381243 0.00800000037997961 0.0168200004845858 0.00800000037997961 0.0197600014507771 0.0109400013461709 0.00800000037997961 0.0136700011789799 0.0100999996066093 0.00800000037997961 0.0248000025749207 0.0180799998342991 0.00820999965071678 0.0103099998086691 0.00800000037997961 0.0136700011789799 0.0136700011789799
0.00800000037997961 0.00800000037997961 0.00800000037997961 0.0170300006866455 0.00800000037997961 0.0149300005286932 0.00800000037997961 0.00800000037997961 0.00800000037997961 0.00800000037997961 0.00800000037997961 0.0224900003522635 0.0126200011000037 0.0136700011789799 0.00800000037997961 0.00800000037997961 0.00800000037997961 0.00800000037997961 0.013459999114275 0.0132500007748604 0.0185000002384186 0.0185000002384186
0.0243800021708012 0.0243800021708012 0.0115700010210276 0.0107300011441112 0.00800000037997961 0.00800000037997961 0.0084200007840991 0.0151400016620755 0.00800000037997961 0.00800000037997961 0.0117799993604422 0.025220001116395 0.00800000037997961 0.00800000037997961 0.00800000037997961 0.00800000037997961 0.00800000037997961 0.0084200007840991 0.00800000037997961 0.00800000037997961 0.00800000037997961 0.00800000037997961
0.0290000010281801 0.0290000010281801 0.0128300003707409 0.00800000037997961 0.0224900003522635 0.0262700002640486 0.00820999965071678 0.00800000037997961 0.00800000037997961 0.0222800020128489 0.00800000037997961 0.00800000037997961 0.0201800018548965 0.0212300010025501 0.00800000037997961 0.0229099988937378 0.0159799996763468 0.0231200009584427 0.0136700011789799 0.00800000037997961 0.0191299989819527 0.0191299989819527
0.0231200009584427 0.0231200009584427 0.00800000037997961 0.00800000037997961 0.00800000037997961 0.00800000037997961 0.00800000037997961 0.0100999996066093 0.00800000037997961 0.0203900001943111 0.00904999952763319 0.00800000037997961 0.0187100004404783 0.00800000037997961 0.00800000037997961 0.0285800024867058 0.0290000010281801 0.0290000010281801 0.0290000010281801 0.00800000037997961 0.0117799993604422 0.0117799993604422
0.0231200009584427 0.0231200009584427 0.00800000037997961 0.0239599999040365 0.0126200011000037 0.00800000037997961 0.00800000037997961 0.00800000037997961 0.012410000897944 0.00800000037997961 0.0203900001943111 0.00800000037997961 0.00800000037997961 0.00863000005483627 0.00800000037997961 0.0285800024867058 0.0290000010281801 0.0290000010281801 0.0290000010281801 0.0281600002199411 0.00800000037997961 0.00800000037997961
0.00800000037997961 0.00800000037997961 0.00800000037997961 0.00800000037997961 0.0084200007840991 0.00800000037997961 0.0290000010281801 0.013880000449717 0.00800000037997961 0.0239599999040365 0.00800000037997961 0.00800000037997961 0.00800000037997961 0.00989000126719475 0.0178700014948845 0.0136700011789799 0.0290000010281801 0.0290000010281801 0.0254299994558096 0.020600002259016 0.00968000013381243 0.00968000013381243
0.00800000037997961 0.00800000037997961 0.00884000025689602 0.0143000008538365 0.00925999972969294 0.0290000010281801 0.0290000010281801 0.0290000010281801 0.0269000008702278 0.0191299989819527 0.0208100005984306 0.00800000037997961 0.013459999114275 0.00800000037997961 0.00800000037997961 0.0122000006958842 0.012410000897944 0.0136700011789799 0.00968000013381243 0.0216499995440245 0.00800000037997961 0.00800000037997961
0.00800000037997961 0.00800000037997961 0.0210200008004904 0.0170300006866455 0.00800000037997961 0.0149300005286932 0.00800000037997961 0.0262700002640486 0.0136700011789799 0.0243800021708012 0.0243800021708012 0.00800000037997961 0.00800000037997961 0.0136700011789799 0.0164000019431114 0.00820999965071678 0.0155600002035499 0.00800000037997961 0.0290000010281801 0.00800000037997961 0.00800000037997961 0.00800000037997961
0.00800000037997961 0.00800000037997961 0.00800000037997961 0.0266900006681681 0.0130399987101555 0.00800000037997961 0.00800000037997961 0.0178700014948845 0.0231200009584427 0.00925999972969294 0.0119899995625019 0.0119899995625019 0.00800000037997961 0.0117799993604422 0.00800000037997961 0.00800000037997961 0.00800000037997961 0.00925999972969294 0.0159799996763468 0.0109400013461709 0.025220001116395 0.025220001116395
0.0132500007748604 0.0132500007748604 0.00800000037997961 0.0193400010466576 0.00800000037997961 0.00800000037997961 0.0084200007840991 0.0111499996855855 0.0218600016087294 0.00800000037997961 0.00800000037997961 0.00800000037997961 0.00800000037997961 0.00968000013381243 0.0151400016620755 0.00820999965071678 0.0113600008189678 0.00800000037997961 0.00800000037997961 0.020600002259016 0.0132500007748604 0.0132500007748604
