Input/input_p3/plot3_phi5.asc
ncols         22
nrows         62
xllcorner     0.00000000
yllcorner     0.00000000
cellsize      0.5
nodata_value  -9999
[rows 0 to 40 of 62, columns 0 to 21 of 22]
0.19700001180172 0.19700001180172 0.186185002326965 0.165069997310638 0.19700001180172 0.189790025353432 0.19700001180172 0.19700001180172 0.185155004262924 0.171250000596046 0.145500004291534 0.185155004262924 0.19700001180172 0.195455014705658 0.151164993643761 0.19700001180172 0.19700001180172 0.19700001180172 0.19700001180172 0.163010001182556 0.19700001180172 0.19700001180172
0.19700001180172 0.19700001180172 0.186185002326965 0.165069997310638 0.19700001180172 0.189790025353432 0.19700001180172 0.19700001180172 0.185155004262924 0.171250000596046 0.145500004291534 0.185155004262924 0.19700001180172 0.195455014705658 0.151164993643761 0.19700001180172 0.19700001180172 0.19700001180172 0.19700001180172 0.163010001182556 0.19700001180172 0.19700001180172
0.168160006403923 0.168160006403923 0.19700001180172 0.19700001180172 0.159920006990433 0.19700001180172 0.185669988393784 0.156830012798309 0.185155004262924 0.19700001180172 0.185155004262924 0.154255002737045 0.19700001180172 0.186700016260147 0.190305009484291 0.19700001180172 0.19700001180172 0.186185002326965 0.19700001180172 0.19700001180172 0.186185002326965 0.186185002326965
0.19700001180172 0.19700001180172 0.184640005230904 0.19700001180172 0.160434991121292 0.18927501142025 0.182065010070801 0.145500004291534 0.19700001180172 0.19700001180172 0.19700001180172 0.193395003676414 0.19700001180172 0.15013499557972 0.188244998455048 0.19700001180172 0.19700001180172 0.163010001182556 0.19700001180172 0.190820008516312 0.19700001180172 0.19700001180172
0.19700001180172 0.19700001180172 0.19700001180172 0.19700001180172 0.19700001180172 0.170219987630844 0.19700001180172 0.169190004467964 0.195970013737679 0.19700001180172 0.164555013179779 0.19700001180172 0.190305009484291 0.187215000391006 0.191335007548332 0.19700001180172 0.177430003881454 0.19700001180172 0.19700001180172 0.145500004291534 0.194425016641617 0.194425016641617
0.19700001180172 0.19700001180172 0.193910002708435 0.186700016260147 0.19700001180172 0.18927501142025 0.19700001180172 0.19700001180172 0.19700001180172 0.19700001180172 0.19700001180172 0.153225004673004 0.19700001180172 0.19700001180172 0.19700001180172 0.19700001180172 0.180520012974739 0.194425016641617 0.19700001180172 0.161980003118515 0.183095023036003 0.183095023036003
0.159920006990433 0.159920006990433 0.19700001180172 0.169705003499985 0.19700001180172 0.192880004644394 0.19700001180172 0.19700001180172 0.19700001180172 0.145500004291534 0.163524985313416 0.188759997487068 0.19700001180172 0.19700001180172 0.19700001180172 0.19700001180172 0.19700001180172 0.19700001180172 0.19700001180172 0.19700001180172 0.19700001180172 0.19700001180172
0.19700001180172 0.19700001180172 0.169705003499985 0.145500004291534 0.19700001180172 0.19700001180172 0.164555013179779 0.186185002326965 0.19700001180172 0.19700001180172 0.189790025353432 0.19700001180172 0.174855008721352 0.19700001180172 0.186185002326965 0.19700001180172 0.19700001180172 0.19700001180172 0.184640005230904 0.19700001180172 0.19700001180172 0.19700001180172
0.184640005230904 0.184640005230904 0.151680007576942 0.14962001144886 0.193395003676414 0.175369992852211 0.152710005640984 0.19700001180172 0.19700001180172 0.182580009102821 0.19700001180172 0.151680007576942 0.19700001180172 0.19700001180172 0.19700001180172 0.19700001180172 0.19700001180172 0.19700001180172 0.19700001180172 0.187730014324188 0.183095023036003 0.183095023036003
0.17433999478817 0.17433999478817 0.151164993643761 0.185155004262924 0.194425016641617 0.187215000391006 0.19700001180172 0.19700001180172 0.145500004291534 0.145500004291534 0.145500004291534 0.18155001103878 0.19700001180172 0.179490014910698 0.19700001180172 0.19700001180172 0.180520012974739 0.19700001180172 0.19700001180172 0.19700001180172 0.19700001180172 0.19700001180172
0.19700001180172 0.19700001180172 0.19700001180172 0.19700001180172 0.19700001180172 0.170219987630844 0.151164993643761 0.19700001180172 0.145500004291534 0.145500004291534 0.145500004291534 0.145500004291534 0.180520012974739 0.191335007548332 0.170219987630844 0.192365020513535 0.19700001180172 0.19700001180172 0.179490014910698 0.19700001180172 0.19700001180172 0.19700001180172
0.151680007576942 0.151680007576942 0.191849991679192 0.19700001180172 0.14962001144886 0.18155001103878 0.196484997868538 0.19700001180172 0.194425016641617 0.145500004291534 0.150650009512901 0.180005013942719 0.189790025353432 0.149104997515678 0.145500004291534 0.168160006403923 0.19700001180172 0.195455014705658 0.164040014147758 0.19700001180172 0.19700001180172 0.19700001180172
0.19700001180172 0.19700001180172 0.19700001180172 0.145500004291534 0.19700001180172 0.17382501065731 0.19700001180172 0.167644992470741 0.194425016641617 0.145500004291534 0.194425016641617 0.186185002326965 0.147560000419617 0.145500004291534 0.145500004291534 0.145500004291534 0.19700001180172 0.145500004291534 0.165584996342659 0.19700001180172 0.183610007166862 0.183610007166862
0.145500004291534 0.145500004291534 0.145500004291534 0.145500004291534 0.145500004291534 0.172280013561249 0.19700001180172 0.19700001180172 0.172794997692108 0.17331001162529 0.175369992852211 0.19700001180172 0.169190004467964 0.169190004467964 0.145500004291534 0.195970013737679 0.19700001180172 0.19700001180172 0.19700001180172 0.192365020513535 0.19700001180172 0.19700001180172
0.195970013737679 0.195970013737679 0.145500004291534 0.145500004291534 0.145500004291534 0.196484997868538 0.19700001180172 0.146014988422394 0.153225004673004 0.163010001182556 0.185669988393784 0.185155004262924 0.195970013737679 0.190820008516312 0.19700001180172 0.19700001180172 0.170219987630844 0.191849991679192 0.165584996342659 0.187730014324188 0.196484997868538 0.196484997868538
0.164555013179779 0.164555013179779 0.1666149944067 0.161464989185333 0.145500004291534 0.19700001180172 0.172280013561249 0.19700001180172 0.19700001180172 0.19700001180172 0.19700001180172 0.19700001180172 0.19700001180172 0.171764999628067 0.19700001180172 0.19700001180172 0.185155004262924 0.17382501065731 0.19700001180172 0.19700001180172 0.19700001180172 0.19700001180172
0.19700001180172 0.19700001180172 0.19700001180172 0.165069997310638 0.14962001144886 0.19700001180172 0.19700001180172 0.19700001180172 0.19700001180172 0.19700001180172 0.19700001180172 0.19700001180172 0.19700001180172 0.19700001180172 0.19700001180172 0.147045001387596 0.19700001180172 0.19700001180172 0.19700001180172 0.19700001180172 0.19700001180172 0.19700001180172
0.19700001180172 0.19700001180172 0.174855008721352 0.170219987630844 0.145500004291534 0.145500004291534 0.196484997868538 0.185669988393784 0.19700001180172 0.19700001180172 0.19700001180172 0.19700001180172 0.19700001180172 0.19700001180172 0.155800014734268 0.19700001180172 0.19700001180172 0.19700001180172 0.186700016260147 0.19700001180172 0.19700001180172 0.19700001180172
0.19700001180172 0.19700001180172 0.19700001180172 0.145500004291534 0.145500004291534 0.145500004291534 0.19700001180172 0.19700001180172 0.19700001180172 0.195455014705658 0.19700001180172 0.15888999402523 0.19700001180172 0.19700001180172 0.19700001180172 0.19700001180172 0.195970013737679 0.19700001180172 0.19700001180172 0.156314998865128 0.147560000419617 0.147560000419617
0.18927501142025 0.18927501142025 0.19700001180172 0.177430003881454 0.147560000419617 0.17433999478817 0.19700001180172 0.161980003118515 0.151680007576942 0.18155001103878 0.19700001180172 0.179490014910698 0.161980003118515 0.193395003676414 0.184640005230904 0.169190004467964 0.145500004291534 0.19700001180172 0.19700001180172 0.19700001180172 0.19700001180172 0.19700001180172
0.145500004291534 0.145500004291534 0.193910002708435 0.175369992852211 0.145500004291534 0.171764999628067 0.19700001180172 0.19700001180172 0.19700001180172 0.19700001180172 0.19700001180172 0.193910002708435 0.145500004291534 0.19700001180172 0.194940015673637 0.19700001180172 0.145500004291534 0.146014988422394 0.19700001180172 0.193910002708435 0.195970013737679 0.195970013737679
0.188759997487068 0.188759997487068 0.19700001180172 0.145500004291534 0.145500004291534 0.19700001180172 0.175885006785393 0.175885006785393 0.178460001945496 0.19700001180172 0.192365020513535 0.152195006608963 0.145500004291534 0.148074999451637 0.1666149944067 0.146014988422394 0.145500004291534 0.168675005435944 0.19700001180172 0.19700001180172 0.19700001180172 0.19700001180172
0.151164993643761 0.151164993643761 0.187730014324188 0.151164993643761 0.154770001769066 0.19700001180172 0.151164993643761 0.194425016641617 0.196484997868538 0.194940015673637 0.19700001180172 0.19700001180172 0.166100010275841 0.156830012798309 0.145500004291534 0.145500004291534 0.145500004291534 0.14962001144886 0.19700001180172 0.19700001180172 0.19700001180172 0.19700001180172
0.17382501065731 0.17382501065731 0.19700001180172 0.19700001180172 0.167130008339882 0.19700001180172 0.19700001180172 0.19700001180172 0.19700001180172 0.190820008516312 0.172280013561249 0.19700001180172 0.175369992852211 0.19700001180172 0.145500004291534 0.145500004291534 0.145500004291534 0.192880004644394 0.145500004291534 0.19700001180172 0.19700001180172 0.19700001180172
0.165069997310638 0.165069997310638 0.19700001180172 0.19700001180172 0.193395003676414 0.193395003676414 0.188759997487068 0.175369992852211 0.158375009894371 0.182580009102821 0.155285000801086 0.19700001180172 0.194425016641617 0.145500004291534 0.189790025353432 0.145500004291534 0.149104997515678 0.192880004644394 0.19700001180172 0.160434991121292 0.184640005230904 0.184640005230904
0.19700001180172 0.19700001180172 0.166100010275841 0.184125006198883 0.165584996342659 0.187730014324188 0.178460001945496 0.165069997310638 0.167130008339882 0.19700001180172 0.1666149944067 0.15888999402523 0.19700001180172 0.194940015673637 0.186700016260147 0.195970013737679 0.19700001180172 0.19700001180172 0.19700001180172 0.19700001180172 0.19700001180172 0.19700001180172
0.166100010275841 0.166100010275841 0.189790025353432 0.193395003676414 0.19700001180172 0.192880004644394 0.19700001180172 0.175369992852211 0.19700001180172 0.168160006403923 0.189790025353432 0.19700001180172 0.183095023036003 0.191849991679192 0.19700001180172 0.155800014734268 0.172280013561249 0.196484997868538 0.191335007548332 0.19700001180172 0.183095023036003 0.183095023036003
0.19700001180172 0.19700001180172 0.19700001180172 0.174855008721352 0.19700001180172 0.180005013942719 0.19700001180172 0.19700001180172 0.19700001180172 0.19700001180172 0.19700001180172 0.161464989185333 0.185669988393784 0.183095023036003 0.19700001180172 0.19700001180172 0.19700001180172 0.19700001180172 0.183610007166862 0.184125006198883 0.171250000596046 0.171250000596046
0.156830012798309 0.156830012798309 0.188244998455048 0.190305009484291 0.19700001180172 0.19700001180172 0.195970013737679 0.179490014910698 0.19700001180172 0.19700001180172 0.187730014324188 0.154770001769066 0.19700001180172 0.19700001180172 0.19700001180172 0.19700001180172 0.19700001180172 0.195970013737679 0.19700001180172 0.19700001180172 0.19700001180172 0.19700001180172
0.145500004291534 0.145500004291534 0.185155004262924 0.19700001180172 0.161464989185333 0.152195006608963 0.196484997868538 0.19700001180172 0.19700001180172 0.161980003118515 0.19700001180172 0.19700001180172 0.167130008339882 0.164555013179779 0.19700001180172 0.160434991121292 0.177430003881454 0.159920006990433 0.183095023036003 0.19700001180172 0.169705003499985 0.169705003499985
0.159920006990433 0.159920006990433 0.19700001180172 0.19700001180172 0.19700001180172 0.19700001180172 0.19700001180172 0.191849991679192 0.19700001180172 0.1666149944067 0.194425016641617 0.19700001180172 0.170735016465187 0.19700001180172 0.19700001180172 0.146530002355576 0.145500004291534 0.145500004291534 0.145500004291534 0.19700001180172 0.187730014324188 0.187730014324188
0.159920006990433 0.159920006990433 0.19700001180172 0.157859995961189 0.185669988393784 0.19700001180172 0.19700001180172 0.19700001180172 0.186185002326965 0.19700001180172 0.1666149944067 0.19700001180172 0.19700001180172 0.195455014705658 0.19700001180172 0.146530002355576 0.145500004291534 0.145500004291534 0.145500004291534 0.147560000419617 0.19700001180172 0.19700001180172
0.19700001180172 0.19700001180172 0.19700001180172 0.19700001180172 0.195970013737679 0.19700001180172 0.145500004291534 0.182580009102821 0.19700001180172 0.157859995961189 0.19700001180172 0.19700001180172 0.19700001180172 0.192365020513535 0.172794997692108 0.183095023036003 0.145500004291534 0.145500004291534 0.154255002737045 0.166100010275841 0.192880004644394 0.192880004644394
0.19700001180172 0.19700001180172 0.194940015673637 0.18155001103878 0.193910002708435 0.145500004291534 0.145500004291534 0.145500004291534 0.150650009512901 0.169705003499985 0.165584996342659 0.19700001180172 0.183610007166862 0.19700001180172 0.19700001180172 0.186700016260147 0.186185002326965 0.183095023036003 0.192880004644394 0.163524985313416 0.19700001180172 0.19700001180172
0.19700001180172 0.19700001180172 0.165069997310638 0.174855008721352 0.19700001180172 0.180005013942719 0.19700001180172 0.152195006608963 0.183095023036003 0.156830012798309 0.156830012798309 0.19700001180172 0.19700001180172 0.183095023036003 0.176400005817413 0.196484997868538 0.178460001945496 0.19700001180172 0.145500004291534 0.19700001180172 0.19700001180172 0.19700001180172
0.19700001180172 0.19700001180172 0.19700001180172 0.151164993643761 0.184640005230904 0.19700001180172 0.19700001180172 0.172794997692108 0.159920006990433 0.193910002708435 0.187215000391006 0.187215000391006 0.19700001180172 0.187730014324188 0.19700001180172 0.19700001180172 0.19700001180172 0.193910002708435 0.177430003881454 0.189790025353432 0.154770001769066 0.154770001769066
0.184125006198883 0.184125006198883 0.19700001180172 0.169190004467964 0.19700001180172 0.19700001180172 0.195970013737679 0.18927501142025 0.163010001182556 0.19700001180172 0.19700001180172 0.19700001180172 0.19700001180172 0.192880004644394 0.179490014910698 0.196484997868538 0.188759997487068 0.19700001180172 0.19700001180172 0.166100010275841 0.184125006198883 0.184125006198883
0.191849991679192 0.191849991679192 0.19700001180172 0.175885006785393 0.19700001180172 0.17382501065731 0.153740003705025 0.19700001180172 0.185155004262924 0.19700001180172 0.156830012798309 0.19700001180172 0.180520012974739 0.146530002355576 0.145500004291534 0.145500004291534 0.19700001180172 0.190305009484291 0.15013499557972 0.187730014324188 0.179490014910698 0.179490014910698
0.19700001180172 0.19700001180172 0.19700001180172 0.177430003881454 0.193395003676414 0.19700001180172 0.19700001180172 0.19700001180172 0.19700001180172 0.19700001180172 0.19700001180172 0.177430003881454 0.19700001180172 0.165069997310638 0.156830012798309 0.195970013737679 0.19700001180172 0.192880004644394 0.185155004262924 0.191335007548332 0.183095023036003 0.183095023036003
0.19700001180172 0.19700001180172 0.195970013737679 0.17433999478817 0.145500004291534 0.19700001180172 0.19700001180172 0.194425016641617 0.19700001180172 0.19700001180172 0.161464989185333 0.186700016260147 0.19700001180172 0.19700001180172 0.194425016641617 0.19700001180172 0.19700001180172 0.193395003676414 0.147560000419617 0.19700001180172 0.191335007548332 0.191335007548332
0.18155001103878 0.18155001103878 0.191849991679192 0.177945002913475 0.195455014705658 0.182580009102821 0.167130008339882 0.185155004262924 0.19700001180172 0.19700001180172 0.180520012974739 0.19700001180172 0.176400005817413 0.19700001180172 0.145500004291534 0.145500004291534 0.186185002326965 0.195455014705658 0.145500004291534 0.145500004291534 0.145500004291534 0.145500004291534
