Input/input_p3/plot3_phi1.asc
ncols         22
nrows         62
xllcorner     0.00000000
yllcorner     0.00000000
cellsize      0.5
nodata_value  -9999
[rows 0 to 39 of 62, columns 0 to 21 of 22]
0.171000003814697 0.171000003814697 0.182445004582405 0.204789996147156 0.171000003814697 0.178630009293556 0.171000003814697 0.171000003814697 0.183535009622574 0.198250010609627 0.225499987602234 0.183535009622574 0.171000003814697 0.172635018825531 0.219504982233047 0.171000003814697 0.171000003814697 0.171000003814697 0.171000003814697 0.206970006227493 0.171000003814697 0.171000003814697
0.171000003814697 0.171000003814697 0.182445004582405 0.204789996147156 0.171000003814697 0.178630009293556 0.171000003814697 0.171000003814697 0.183535009622574 0.198250010609627 0.225499987602234 0.183535009622574 0.171000003814697 0.172635018825531 0.219504982233047 0.171000003814697 0.171000003814697 0.171000003814697 0.171000003814697 0.206970006227493 0.171000003814697 0.171000003814697
0.201520010828972 0.201520010828972 0.171000003814697 0.171000003814697 0.210240006446838 0.171000003814697 0.182989999651909 0.213509976863861 0.183535009622574 0.171000003814697 0.183535009622574 0.216234982013702 0.171000003814697 0.181900009512901 0.178084999322891 0.171000003814697 0.171000003814697 0.182445004582405 0.171000003814697 0.171000003814697 0.182445004582405 0.182445004582405
0.171000003814697 0.171000003814697 0.184080004692078 0.171000003814697 0.209694981575012 0.179175019264221 0.186804994940758 0.225499987602234 0.171000003814697 0.171000003814697 0.171000003814697 0.174814999103546 0.171000003814697 0.220595002174377 0.180265009403229 0.171000003814697 0.171000003814697 0.206970006227493 0.171000003814697 0.177540004253387 0.171000003814697 0.171000003814697
0.171000003814697 0.171000003814697 0.171000003814697 0.171000003814697 0.171000003814697 0.199339985847473 0.171000003814697 0.200429990887642 0.172090008854866 0.171000003814697 0.20533499121666 0.171000003814697 0.178084999322891 0.181354999542236 0.176994994282722 0.171000003814697 0.191709995269775 0.171000003814697 0.171000003814697 0.225499987602234 0.173725008964539 0.173725008964539
0.171000003814697 0.171000003814697 0.174270004034042 0.181900009512901 0.171000003814697 0.179175019264221 0.171000003814697 0.171000003814697 0.171000003814697 0.171000003814697 0.171000003814697 0.217325001955032 0.171000003814697 0.171000003814697 0.171000003814697 0.171000003814697 0.18843999505043 0.173725008964539 0.171000003814697 0.208059996366501 0.18571500480175 0.18571500480175
0.210240006446838 0.210240006446838 0.171000003814697 0.199884980916977 0.171000003814697 0.17535999417305 0.171000003814697 0.171000003814697 0.171000003814697 0.225499987602234 0.206424996256828 0.179719999432564 0.171000003814697 0.171000003814697 0.171000003814697 0.171000003814697 0.171000003814697 0.171000003814697 0.171000003814697 0.171000003814697 0.171000003814697 0.171000003814697
0.171000003814697 0.171000003814697 0.199884980916977 0.225499987602234 0.171000003814697 0.171000003814697 0.20533499121666 0.182445004582405 0.171000003814697 0.171000003814697 0.178630009293556 0.171000003814697 0.194435000419617 0.171000003814697 0.182445004582405 0.171000003814697 0.171000003814697 0.171000003814697 0.184080004692078 0.171000003814697 0.171000003814697 0.171000003814697
0.184080004692078 0.184080004692078 0.218960002064705 0.221139997243881 0.174814999103546 0.193890005350113 0.217869982123375 0.171000003814697 0.171000003814697 0.186260014772415 0.171000003814697 0.218960002064705 0.171000003814697 0.171000003814697 0.171000003814697 0.171000003814697 0.171000003814697 0.171000003814697 0.171000003814697 0.180810019373894 0.18571500480175 0.18571500480175
0.194980010390282 0.194980010390282 0.219504982233047 0.183535009622574 0.173725008964539 0.181354999542236 0.171000003814697 0.171000003814697 0.225499987602234 0.225499987602234 0.225499987602234 0.187350004911423 0.171000003814697 0.189529985189438 0.171000003814697 0.171000003814697 0.18843999505043 0.171000003814697 0.171000003814697 0.171000003814697 0.171000003814697 0.171000003814697
0.171000003814697 0.171000003814697 0.171000003814697 0.171000003814697 0.171000003814697 0.199339985847473 0.219504982233047 0.171000003814697 0.225499987602234 0.225499987602234 0.225499987602234 0.225499987602234 0.18843999505043 0.176994994282722 0.199339985847473 0.175905004143715 0.171000003814697 0.171000003814697 0.189529985189438 0.171000003814697 0.171000003814697 0.171000003814697
0.218960002064705 0.218960002064705 0.176449999213219 0.171000003814697 0.221139997243881 0.187350004911423 0.171545013785362 0.171000003814697 0.173725008964539 0.225499987602234 0.220049977302551 0.188985005021095 0.178630009293556 0.221685007214546 0.225499987602234 0.201520010828972 0.171000003814697 0.172635018825531 0.205879986286163 0.171000003814697 0.171000003814697 0.171000003814697
0.171000003814697 0.171000003814697 0.171000003814697 0.225499987602234 0.171000003814697 0.195524990558624 0.171000003814697 0.202064990997314 0.173725008964539 0.225499987602234 0.173725008964539 0.182445004582405 0.223319992423058 0.225499987602234 0.225499987602234 0.225499987602234 0.171000003814697 0.225499987602234 0.204245001077652 0.171000003814697 0.185169994831085 0.185169994831085
0.225499987602234 0.225499987602234 0.225499987602234 0.225499987602234 0.225499987602234 0.197159990668297 0.171000003814697 0.171000003814697 0.196614995598793 0.196070000529289 0.193890005350113 0.171000003814697 0.200429990887642 0.200429990887642 0.225499987602234 0.172090008854866 0.171000003814697 0.171000003814697 0.171000003814697 0.175905004143715 0.171000003814697 0.171000003814697
0.172090008854866 0.172090008854866 0.225499987602234 0.225499987602234 0.225499987602234 0.171545013785362 0.171000003814697 0.22495499253273 0.217325001955032 0.206970006227493 0.182989999651909 0.183535009622574 0.172090008854866 0.177540004253387 0.171000003814697 0.171000003814697 0.199339985847473 0.176449999213219 0.204245001077652 0.180810019373894 0.171545013785362 0.171545013785362
0.20533499121666 0.20533499121666 0.203154981136322 0.208605006337166 0.225499987602234 0.171000003814697 0.197159990668297 0.171000003814697 0.171000003814697 0.171000003814697 0.171000003814697 0.171000003814697 0.171000003814697 0.197705000638962 0.171000003814697 0.171000003814697 0.183535009622574 0.195524990558624 0.171000003814697 0.171000003814697 0.171000003814697 0.171000003814697
0.171000003814697 0.171000003814697 0.171000003814697 0.204789996147156 0.221139997243881 0.171000003814697 0.171000003814697 0.171000003814697 0.171000003814697 0.171000003814697 0.171000003814697 0.171000003814697 0.171000003814697 0.171000003814697 0.171000003814697 0.223865017294884 0.171000003814697 0.171000003814697 0.171000003814697 0.171000003814697 0.171000003814697 0.171000003814697
0.171000003814697 0.171000003814697 0.194435000419617 0.199339985847473 0.225499987602234 0.225499987602234 0.171545013785362 0.182989999651909 0.171000003814697 0.171000003814697 0.171000003814697 0.171000003814697 0.171000003814697 0.171000003814697 0.214599996805191 0.171000003814697 0.171000003814697 0.171000003814697 0.181900009512901 0.171000003814697 0.171000003814697 0.171000003814697
0.171000003814697 0.171000003814697 0.171000003814697 0.225499987602234 0.225499987602234 0.225499987602234 0.171000003814697 0.171000003814697 0.171000003814697 0.172635018825531 0.171000003814697 0.211329996585846 0.171000003814697 0.171000003814697 0.171000003814697 0.171000003814697 0.172090008854866 0.171000003814697 0.171000003814697 0.214055001735687 0.223319992423058 0.223319992423058
0.179175019264221 0.179175019264221 0.171000003814697 0.191709995269775 0.223319992423058 0.194980010390282 0.171000003814697 0.208059996366501 0.218960002064705 0.187350004911423 0.171000003814697 0.189529985189438 0.208059996366501 0.174814999103546 0.184080004692078 0.200429990887642 0.225499987602234 0.171000003814697 0.171000003814697 0.171000003814697 0.171000003814697 0.171000003814697
0.225499987602234 0.225499987602234 0.174270004034042 0.193890005350113 0.225499987602234 0.197705000638962 0.171000003814697 0.171000003814697 0.171000003814697 0.171000003814697 0.171000003814697 0.174270004034042 0.225499987602234 0.171000003814697 0.173180013895035 0.171000003814697 0.225499987602234 0.22495499253273 0.171000003814697 0.174270004034042 0.172090008854866 0.172090008854866
0.179719999432564 0.179719999432564 0.171000003814697 0.225499987602234 0.225499987602234 0.171000003814697 0.193344995379448 0.193344995379448 0.190620005130768 0.171000003814697 0.175905004143715 0.21841499209404 0.225499987602234 0.222774982452393 0.203154981136322 0.22495499253273 0.225499987602234 0.200975000858307 0.171000003814697 0.171000003814697 0.171000003814697 0.171000003814697
0.219504982233047 0.219504982233047 0.180810019373894 0.219504982233047 0.21569000184536 0.171000003814697 0.219504982233047 0.173725008964539 0.171545013785362 0.173180013895035 0.171000003814697 0.171000003814697 0.203699991106987 0.213509976863861 0.225499987602234 0.225499987602234 0.225499987602234 0.221139997243881 0.171000003814697 0.171000003814697 0.171000003814697 0.171000003814697
0.195524990558624 0.195524990558624 0.171000003814697 0.171000003814697 0.202610000967979 0.171000003814697 0.171000003814697 0.171000003814697 0.171000003814697 0.177540004253387 0.197159990668297 0.171000003814697 0.193890005350113 0.171000003814697 0.225499987602234 0.225499987602234 0.225499987602234 0.17535999417305 0.225499987602234 0.171000003814697 0.171000003814697 0.171000003814697
0.204789996147156 0.204789996147156 0.171000003814697 0.171000003814697 0.174814999103546 0.174814999103546 0.179719999432564 0.193890005350113 0.211874976754189 0.186260014772415 0.215144991874695 0.171000003814697 0.173725008964539 0.225499987602234 0.178630009293556 0.225499987602234 0.221685007214546 0.17535999417305 0.171000003814697 0.209694981575012 0.184080004692078 0.184080004692078
0.171000003814697 0.171000003814697 0.203699991106987 0.184625014662743 0.204245001077652 0.180810019373894 0.190620005130768 0.204789996147156 0.202610000967979 0.171000003814697 0.203154981136322 0.211329996585846 0.171000003814697 0.173180013895035 0.181900009512901 0.172090008854866 0.171000003814697 0.171000003814697 0.171000003814697 0.171000003814697 0.171000003814697 0.171000003814697
0.203699991106987 0.203699991106987 0.178630009293556 0.174814999103546 0.171000003814697 0.17535999417305 0.171000003814697 0.193890005350113 0.171000003814697 0.201520010828972 0.178630009293556 0.171000003814697 0.18571500480175 0.176449999213219 0.171000003814697 0.214599996805191 0.197159990668297 0.171545013785362 0.176994994282722 0.171000003814697 0.18571500480175 0.18571500480175
0.171000003814697 0.171000003814697 0.171000003814697 0.194435000419617 0.171000003814697 0.188985005021095 0.171000003814697 0.171000003814697 0.171000003814697 0.171000003814697 0.171000003814697 0.208605006337166 0.182989999651909 0.18571500480175 0.171000003814697 0.171000003814697 0.171000003814697 0.171000003814697 0.185169994831085 0.184625014662743 0.198250010609627 0.198250010609627
0.213509976863861 0.213509976863861 0.180265009403229 0.178084999322891 0.171000003814697 0.171000003814697 0.172090008854866 0.189529985189438 0.171000003814697 0.171000003814697 0.180810019373894 0.21569000184536 0.171000003814697 0.171000003814697 0.171000003814697 0.171000003814697 0.171000003814697 0.172090008854866 0.171000003814697 0.171000003814697 0.171000003814697 0.171000003814697
0.225499987602234 0.225499987602234 0.183535009622574 0.171000003814697 0.208605006337166 0.21841499209404 0.171545013785362 0.171000003814697 0.171000003814697 0.208059996366501 0.171000003814697 0.171000003814697 0.202610000967979 0.20533499121666 0.171000003814697 0.209694981575012 0.191709995269775 0.210240006446838 0.18571500480175 0.171000003814697 0.199884980916977 0.199884980916977
0.210240006446838 0.210240006446838 0.171000003814697 0.171000003814697 0.171000003814697 0.171000003814697 0.171000003814697 0.176449999213219 0.171000003814697 0.203154981136322 0.173725008964539 0.171000003814697 0.198795020580292 0.171000003814697 0.171000003814697 0.224409982562065 0.225499987602234 0.225499987602234 0.225499987602234 0.171000003814697 0.180810019373894 0.180810019373894
0.210240006446838 0.210240006446838 0.171000003814697 0.212419986724854 0.182989999651909 0.171000003814697 0.171000003814697 0.171000003814697 0.182445004582405 0.171000003814697 0.203154981136322 0.171000003814697 0.171000003814697 0.172635018825531 0.171000003814697 0.224409982562065 0.225499987602234 0.225499987602234 0.225499987602234 0.223319992423058 0.171000003814697 0.171000003814697
0.171000003814697 0.171000003814697 0.171000003814697 0.171000003814697 0.172090008854866 0.171000003814697 0.225499987602234 0.186260014772415 0.171000003814697 0.212419986724854 0.171000003814697 0.171000003814697 0.171000003814697 0.175905004143715 0.196614995598793 0.18571500480175 0.225499987602234 0.225499987602234 0.216234982013702 0.203699991106987 0.17535999417305 0.17535999417305
0.171000003814697 0.171000003814697 0.173180013895035 0.187350004911423 0.174270004034042 0.225499987602234 0.225499987602234 0.225499987602234 0.220049977302551 0.199884980916977 0.204245001077652 0.171000003814697 0.185169994831085 0.171000003814697 0.171000003814697 0.181900009512901 0.182445004582405 0.18571500480175 0.17535999417305 0.206424996256828 0.171000003814697 0.171000003814697
0.171000003814697 0.171000003814697 0.204789996147156 0.194435000419617 0.171000003814697 0.188985005021095 0.171000003814697 0.21841499209404 0.18571500480175 0.213509976863861 0.213509976863861 0.171000003814697 0.171000003814697 0.18571500480175 0.192799985408783 0.171545013785362 0.190620005130768 0.171000003814697 0.225499987602234 0.171000003814697 0.171000003814697 0.171000003814697
0.171000003814697 0.171000003814697 0.171000003814697 0.219504982233047 0.184080004692078 0.171000003814697 0.171000003814697 0.196614995598793 0.210240006446838 0.174270004034042 0.181354999542236 0.181354999542236 0.171000003814697 0.180810019373894 0.171000003814697 0.171000003814697 0.171000003814697 0.174270004034042 0.191709995269775 0.178630009293556 0.21569000184536 0.21569000184536
0.184625014662743 0.184625014662743 0.171000003814697 0.200429990887642 0.171000003814697 0.171000003814697 0.172090008854866 0.179175019264221 0.206970006227493 0.171000003814697 0.171000003814697 0.171000003814697 0.171000003814697 0.17535999417305 0.189529985189438 0.171545013785362 0.179719999432564 0.171000003814697 0.171000003814697 0.203699991106987 0.184625014662743 0.184625014662743
0.176449999213219 0.176449999213219 0.171000003814697 0.193344995379448 0.171000003814697 0.195524990558624 0.216779991984367 0.171000003814697 0.183535009622574 0.171000003814697 0.213509976863861 0.171000003814697 0.18843999505043 0.224409982562065 0.225499987602234 0.225499987602234 0.171000003814697 0.178084999322891 0.220595002174377 0.180810019373894 0.189529985189438 0.189529985189438
0.171000003814697 0.171000003814697 0.171000003814697 0.191709995269775 0.174814999103546 0.171000003814697 0.171000003814697 0.171000003814697 0.171000003814697 0.171000003814697 0.171000003814697 0.191709995269775 0.171000003814697 0.204789996147156 0.213509976863861 0.172090008854866 0.171000003814697 0.17535999417305 0.183535009622574 0.176994994282722 0.18571500480175 0.18571500480175
0.171000003814697 0.171000003814697 0.172090008854866 0.194980010390282 0.225499987602234 0.171000003814697 0.171000003814697 0.173725008964539 0.171000003814697 0.171000003814697 0.208605006337166 0.181900009512901 0.171000003814697 0.171000003814697 0.173725008964539 0.171000003814697 0.171000003814697 0.174814999103546 0.223319992423058 0.171000003814697 0.176994994282722 0.176994994282722
