Input/input_p3/plot3_phi4.asc
ncols         22
nrows         62
xllcorner     0.00000000
yllcorner     0.00000000
cellsize      0.5
nodata_value  -9999
[rows 0 to 37 of 62, columns 0 to 21 of 22]
0.0559999980032444 0.0559999980032444 0.0631400048732758 0.0770800039172173 0.0559999980032444 0.0607600025832653 0.0559999980032444 0.0559999980032444 0.0638199970126152 0.0729999989271164 0.0900000035762787 0.0638199970126152 0.0559999980032444 0.0570200011134148 0.0862600058317184 0.0559999980032444 0.0559999980032444 0.0559999980032444 0.0559999980032444 0.0784399956464767 0.0559999980032444 0.0559999980032444
0.0559999980032444 0.0559999980032444 0.0631400048732758 0.0770800039172173 0.0559999980032444 0.0607600025832653 0.0559999980032444 0.0559999980032444 0.0638199970126152 0.0729999989271164 0.0900000035762787 0.0638199970126152 0.0559999980032444 0.0570200011134148 0.0862600058317184 0.0559999980032444 0.0559999980032444 0.0559999980032444 0.0559999980032444 0.0784399956464767 0.0559999980032444 0.0559999980032444
0.0750399976968765 0.0750399976968765 0.0559999980032444 0.0559999980032444 0.0804800018668175 0.0559999980032444 0.0634799972176552 0.0825200006365776 0.0638199970126152 0.0559999980032444 0.0638199970126152 0.0842199996113777 0.0559999980032444 0.0628000050783157 0.060419999063015 0.0559999980032444 0.0559999980032444 0.0631400048732758 0.0559999980032444 0.0559999980032444 0.0631400048732758 0.0631400048732758
0.0559999980032444 0.0559999980032444 0.0641599968075752 0.0559999980032444 0.0801400020718575 0.0611000023782253 0.0658599957823753 0.0900000035762787 0.0559999980032444 0.0559999980032444 0.0559999980032444 0.0583800040185452 0.0559999980032444 0.0869400054216385 0.0617799945175648 0.0559999980032444 0.0559999980032444 0.0784399956464767 0.0559999980032444 0.060079999268055 0.0559999980032444 0.0559999980032444
0.0559999980032444 0.0559999980032444 0.0559999980032444 0.0559999980032444 0.0559999980032444 0.0736799985170364 0.0559999980032444 0.0743599981069565 0.0566799975931644 0.0559999980032444 0.0774200037121773 0.0559999980032444 0.060419999063015 0.0624599978327751 0.0597399994730949 0.0559999980032444 0.0689200013875961 0.0559999980032444 0.0559999980032444 0.0900000035762787 0.0576999932527542 0.0576999932527542
0.0559999980032444 0.0559999980032444 0.0580400004982948 0.0628000050783157 0.0559999980032444 0.0611000023782253 0.0559999980032444 0.0559999980032444 0.0559999980032444 0.0559999980032444 0.0559999980032444 0.0848999992012978 0.0559999980032444 0.0559999980032444 0.0559999980032444 0.0559999980032444 0.0668799951672554 0.0576999932527542 0.0559999980032444 0.0791199952363968 0.0651799961924553 0.0651799961924553
0.0804800018668175 0.0804800018668175 0.0559999980032444 0.0740199983119965 0.0559999980032444 0.0587199963629246 0.0559999980032444 0.0559999980032444 0.0559999980032444 0.0900000035762787 0.0780999958515167 0.0614400021731853 0.0559999980032444 0.0559999980032444 0.0559999980032444 0.0559999980032444 0.0559999980032444 0.0559999980032444 0.0559999980032444 0.0559999980032444 0.0559999980032444 0.0559999980032444
0.0559999980032444 0.0559999980032444 0.0740199983119965 0.0900000035762787 0.0559999980032444 0.0559999980032444 0.0774200037121773 0.0631400048732758 0.0559999980032444 0.0559999980032444 0.0607600025832653 0.0559999980032444 0.0706200003623962 0.0559999980032444 0.0631400048732758 0.0559999980032444 0.0559999980032444 0.0559999980032444 0.0641599968075752 0.0559999980032444 0.0559999980032444 0.0559999980032444
0.0641599968075752 0.0641599968075752 0.0859199985861778 0.0872799977660179 0.0583800040185452 0.0702800005674362 0.0852399989962578 0.0559999980032444 0.0559999980032444 0.0655200034379959 0.0559999980032444 0.0859199985861778 0.0559999980032444 0.0559999980032444 0.0559999980032444 0.0559999980032444 0.0559999980032444 0.0559999980032444 0.0559999980032444 0.0621199980378151 0.0651799961924553 0.0651799961924553
0.0709600001573563 0.0709600001573563 0.0862600058317184 0.0638199970126152 0.0576999932527542 0.0624599978327751 0.0559999980032444 0.0559999980032444 0.0900000035762787 0.0900000035762787 0.0900000035762787 0.0661999955773354 0.0559999980032444 0.067560002207756 0.0559999980032444 0.0559999980032444 0.0668799951672554 0.0559999980032444 0.0559999980032444 0.0559999980032444 0.0559999980032444 0.0559999980032444
0.0559999980032444 0.0559999980032444 0.0559999980032444 0.0559999980032444 0.0559999980032444 0.0736799985170364 0.0862600058317184 0.0559999980032444 0.0900000035762787 0.0900000035762787 0.0900000035762787 0.0900000035762787 0.0668799951672554 0.0597399994730949 0.0736799985170364 0.0590599998831749 0.0559999980032444 0.0559999980032444 0.067560002207756 0.0559999980032444 0.0559999980032444 0.0559999980032444
0.0859199985861778 0.0859199985861778 0.0593999996781349 0.0559999980032444 0.0872799977660179 0.0661999955773354 0.0563400015234947 0.0559999980032444 0.0576999932527542 0.0900000035762787 0.0865999981760979 0.067220002412796 0.0607600025832653 0.0876199975609779 0.0900000035762787 0.0750399976968765 0.0559999980032444 0.0570200011134148 0.0777600035071373 0.0559999980032444 0.0559999980032444 0.0559999980032444
0.0559999980032444 0.0559999980032444 0.0559999980032444 0.0900000035762787 0.0559999980032444 0.0712999999523163 0.0559999980032444 0.0753799974918365 0.0576999932527542 0.0900000035762787 0.0576999932527542 0.0631400048732758 0.088639996945858 0.0900000035762787 0.0900000035762787 0.0900000035762787 0.0559999980032444 0.0900000035762787 0.0767399966716766 0.0559999980032444 0.0648400038480759 0.0648400038480759
0.0900000035762787 0.0900000035762787 0.0900000035762787 0.0900000035762787 0.0900000035762787 0.0723199918866158 0.0559999980032444 0.0559999980032444 0.0719799995422363 0.0716399997472763 0.0702800005674362 0.0559999980032444 0.0743599981069565 0.0743599981069565 0.0900000035762787 0.0566799975931644 0.0559999980032444 0.0559999980032444 0.0559999980032444 0.0590599998831749 0.0559999980032444 0.0559999980032444
0.0566799975931644 0.0566799975931644 0.0900000035762787 0.0900000035762787 0.0900000035762787 0.0563400015234947 0.0559999980032444 0.0896599963307381 0.0848999992012978 0.0784399956464767 0.0634799972176552 0.0638199970126152 0.0566799975931644 0.060079999268055 0.0559999980032444 0.0559999980032444 0.0736799985170364 0.0593999996781349 0.0767399966716766 0.0621199980378151 0.0563400015234947 0.0563400015234947
0.0774200037121773 0.0774200037121773 0.0760599970817566 0.0794600024819374 0.0900000035762787 0.0559999980032444 0.0723199918866158 0.0559999980032444 0.0559999980032444 0.0559999980032444 0.0559999980032444 0.0559999980032444 0.0559999980032444 0.0726599991321564 0.0559999980032444 0.0559999980032444 0.0638199970126152 0.0712999999523163 0.0559999980032444 0.0559999980032444 0.0559999980032444 0.0559999980032444
0.0559999980032444 0.0559999980032444 0.0559999980032444 0.0770800039172173 0.0872799977660179 0.0559999980032444 0.0559999980032444 0.0559999980032444 0.0559999980032444 0.0559999980032444 0.0559999980032444 0.0559999980032444 0.0559999980032444 0.0559999980032444 0.0559999980032444 0.0889800041913986 0.0559999980032444 0.0559999980032444 0.0559999980032444 0.0559999980032444 0.0559999980032444 0.0559999980032444
0.0559999980032444 0.0559999980032444 0.0706200003623962 0.0736799985170364 0.0900000035762787 0.0900000035762787 0.0563400015234947 0.0634799972176552 0.0559999980032444 0.0559999980032444 0.0559999980032444 0.0559999980032444 0.0559999980032444 0.0559999980032444 0.0832000076770782 0.0559999980032444 0.0559999980032444 0.0559999980032444 0.0628000050783157 0.0559999980032444 0.0559999980032444 0.0559999980032444
0.0559999980032444 0.0559999980032444 0.0559999980032444 0.0900000035762787 0.0900000035762787 0.0900000035762787 0.0559999980032444 0.0559999980032444 0.0559999980032444 0.0570200011134148 0.0559999980032444 0.0811600014567375 0.0559999980032444 0.0559999980032444 0.0559999980032444 0.0559999980032444 0.0566799975931644 0.0559999980032444 0.0559999980032444 0.0828600004315376 0.088639996945858 0.088639996945858
0.0611000023782253 0.0611000023782253 0.0559999980032444 0.0689200013875961 0.088639996945858 0.0709600001573563 0.0559999980032444 0.0791199952363968 0.0859199985861778 0.0661999955773354 0.0559999980032444 0.067560002207756 0.0791199952363968 0.0583800040185452 0.0641599968075752 0.0743599981069565 0.0900000035762787 0.0559999980032444 0.0559999980032444 0.0559999980032444 0.0559999980032444 0.0559999980032444
0.0900000035762787 0.0900000035762787 0.0580400004982948 0.0702800005674362 0.0900000035762787 0.0726599991321564 0.0559999980032444 0.0559999980032444 0.0559999980032444 0.0559999980032444 0.0559999980032444 0.0580400004982948 0.0900000035762787 0.0559999980032444 0.0573600009083748 0.0559999980032444 0.0900000035762787 0.0896599963307381 0.0559999980032444 0.0580400004982948 0.0566799975931644 0.0566799975931644
0.0614400021731853 0.0614400021731853 0.0559999980032444 0.0900000035762787 0.0900000035762787 0.0559999980032444 0.0699400007724762 0.0699400007724762 0.0682400017976761 0.0559999980032444 0.0590599998831749 0.0855799987912178 0.0900000035762787 0.088299997150898 0.0760599970817566 0.0896599963307381 0.0900000035762787 0.0747000053524971 0.0559999980032444 0.0559999980032444 0.0559999980032444 0.0559999980032444
0.0862600058317184 0.0862600058317184 0.0621199980378151 0.0862600058317184 0.0838800072669983 0.0559999980032444 0.0862600058317184 0.0576999932527542 0.0563400015234947 0.0573600009083748 0.0559999980032444 0.0559999980032444 0.0764000043272972 0.0825200006365776 0.0900000035762787 0.0900000035762787 0.0900000035762787 0.0872799977660179 0.0559999980032444 0.0559999980032444 0.0559999980032444 0.0559999980032444
0.0712999999523163 0.0712999999523163 0.0559999980032444 0.0559999980032444 0.0757199972867966 0.0559999980032444 0.0559999980032444 0.0559999980032444 0.0559999980032444 0.060079999268055 0.0723199918866158 0.0559999980032444 0.0702800005674362 0.0559999980032444 0.0900000035762787 0.0900000035762787 0.0900000035762787 0.0587199963629246 0.0900000035762787 0.0559999980032444 0.0559999980032444 0.0559999980032444
0.0770800039172173 0.0770800039172173 0.0559999980032444 0.0559999980032444 0.0583800040185452 0.0583800040185452 0.0614400021731853 0.0702800005674362 0.0814999938011169 0.0655200034379959 0.0835400000214577 0.0559999980032444 0.0576999932527542 0.0900000035762787 0.0607600025832653 0.0900000035762787 0.0876199975609779 0.0587199963629246 0.0559999980032444 0.0801400020718575 0.0641599968075752 0.0641599968075752
0.0559999980032444 0.0559999980032444 0.0764000043272972 0.0644999966025352 0.0767399966716766 0.0621199980378151 0.0682400017976761 0.0770800039172173 0.0757199972867966 0.0559999980032444 0.0760599970817566 0.0811600014567375 0.0559999980032444 0.0573600009083748 0.0628000050783157 0.0566799975931644 0.0559999980032444 0.0559999980032444 0.0559999980032444 0.0559999980032444 0.0559999980032444 0.0559999980032444
0.0764000043272972 0.0764000043272972 0.0607600025832653 0.0583800040185452 0.0559999980032444 0.0587199963629246 0.0559999980032444 0.0702800005674362 0.0559999980032444 0.0750399976968765 0.0607600025832653 0.0559999980032444 0.0651799961924553 0.0593999996781349 0.0559999980032444 0.0832000076770782 0.0723199918866158 0.0563400015234947 0.0597399994730949 0.0559999980032444 0.0651799961924553 0.0651799961924553
0.0559999980032444 0.0559999980032444 0.0559999980032444 0.0706200003623962 0.0559999980032444 0.067220002412796 0.0559999980032444 0.0559999980032444 0.0559999980032444 0.0559999980032444 0.0559999980032444 0.0794600024819374 0.0634799972176552 0.0651799961924553 0.0559999980032444 0.0559999980032444 0.0559999980032444 0.0559999980032444 0.0648400038480759 0.0644999966025352 0.0729999989271164 0.0729999989271164
0.0825200006365776 0.0825200006365776 0.0617799945175648 0.060419999063015 0.0559999980032444 0.0559999980032444 0.0566799975931644 0.067560002207756 0.0559999980032444 0.0559999980032444 0.0621199980378151 0.0838800072669983 0.0559999980032444 0.0559999980032444 0.0559999980032444 0.0559999980032444 0.0559999980032444 0.0566799975931644 0.0559999980032444 0.0559999980032444 0.0559999980032444 0.0559999980032444
0.0900000035762787 0.0900000035762787 0.0638199970126152 0.0559999980032444 0.0794600024819374 0.0855799987912178 0.0563400015234947 0.0559999980032444 0.0559999980032444 0.0791199952363968 0.0559999980032444 0.0559999980032444 0.0757199972867966 0.0774200037121773 0.0559999980032444 0.0801400020718575 0.0689200013875961 0.0804800018668175 0.0651799961924553 0.0559999980032444 0.0740199983119965 0.0740199983119965
0.0804800018668175 0.0804800018668175 0.0559999980032444 0.0559999980032444 0.0559999980032444 0.0559999980032444 0.0559999980032444 0.0593999996781349 0.0559999980032444 0.0760599970817566 0.0576999932527542 0.0559999980032444 0.0733399987220764 0.0559999980032444 0.0559999980032444 0.0893200039863586 0.0900000035762787 0.0900000035762787 0.0900000035762787 0.0559999980032444 0.0621199980378151 0.0621199980378151
0.0804800018668175 0.0804800018668175 0.0559999980032444 0.0818400010466576 0.0634799972176552 0.0559999980032444 0.0559999980032444 0.0559999980032444 0.0631400048732758 0.0559999980032444 0.0760599970817566 0.0559999980032444 0.0559999980032444 0.0570200011134148 0.0559999980032444 0.0893200039863586 0.0900000035762787 0.0900000035762787 0.0900000035762787 0.088639996945858 0.0559999980032444 0.0559999980032444
0.0559999980032444 0.0559999980032444 0.0559999980032444 0.0559999980032444 0.0566799975931644 0.0559999980032444 0.0900000035762787 0.0655200034379959 0.0559999980032444 0.0818400010466576 0.0559999980032444 0.0559999980032444 0.0559999980032444 0.0590599998831749 0.0719799995422363 0.0651799961924553 0.0900000035762787 0.0900000035762787 0.0842199996113777 0.0764000043272972 0.0587199963629246 0.0587199963629246
0.0559999980032444 0.0559999980032444 0.0573600009083748 0.0661999955773354 0.0580400004982948 0.0900000035762787 0.0900000035762787 0.0900000035762787 0.0865999981760979 0.0740199983119965 0.0767399966716766 0.0559999980032444 0.0648400038480759 0.0559999980032444 0.0559999980032444 0.0628000050783157 0.0631400048732758 0.0651799961924553 0.0587199963629246 0.0780999958515167 0.0559999980032444 0.0559999980032444
0.0559999980032444 0.0559999980032444 0.0770800039172173 0.0706200003623962 0.0559999980032444 0.067220002412796 0.0559999980032444 0.0855799987912178 0.0651799961924553 0.0825200006365776 0.0825200006365776 0.0559999980032444 0.0559999980032444 0.0651799961924553 0.0696000009775162 0.0563400015234947 0.0682400017976761 0.0559999980032444 0.0900000035762787 0.0559999980032444 0.0559999980032444 0.0559999980032444
0.0559999980032444 0.0559999980032444 0.0559999980032444 0.0862600058317184 0.0641599968075752 0.0559999980032444 0.0559999980032444 0.0719799995422363 0.0804800018668175 0.0580400004982948 0.0624599978327751 0.0624599978327751 0.0559999980032444 0.0621199980378151 0.0559999980032444 0.0559999980032444 0.0559999980032444 0.0580400004982948 0.0689200013875961 0.0607600025832653 0.0838800072669983 0.0838800072669983
0.0644999966025352 0.0644999966025352 0.0559999980032444 0.0743599981069565 0.0559999980032444 0.0559999980032444 0.0566799975931644 0.0611000023782253 0.0784399956464767 0.0559999980032444 0.0559999980032444 0.0559999980032444 0.0559999980032444 0.0587199963629246 0.067560002207756 0.0563400015234947 0.0614400021731853 0.0559999980032444 0.0559999980032444 0.0764000043272972 0.0644999966025352 0.0644999966025352
0.0593999996781349 0.0593999996781349 0.0559999980032444 0.0699400007724762 0.0559999980032444 0.0712999999523163 0.0845600068569183 0.0559999980032444 0.0638199970126152 0.0559999980032444 0.0825200006365776 0.0559999980032444 0.0668799951672554 0.0893200039863586 0.0900000035762787 0.0900000035762787 0.0559999980032444 0.060419999063015 0.0869400054216385 0.0621199980378151 0.067560002207756 0.067560002207756
