Input/input_p4/p4ksat290706_o.asc
ncols         22
nrows         62
xllcorner     0.00000000
yllcorner     0.00000000
cellsize      0.5
nodata_value  -9999
[rows 0 to 35 of 62, columns 0 to 21 of 22]
0.00561999995261431 0.00561999995261431 0.00632999977096915 0.00655000004917383 0.00362000009045005 0.00282000005245209 0.00261999992653728 0.00212000007741153 0.00519500020891428 0.00511999987065792 0.00712000019848347 0.00134499999694526 0.000620000006165355 0.00227000005543232 0.00651500001549721 0.00212000007741153 0.000620000006165355 0.00261999992653728 0.00561999995261431 0.00661000004038215 0.00442000012844801 0.00442000012844801
0.00561999995261431 0.00561999995261431 0.00612000003457069 0.00561999995261431 0.00362000009045005 0.00212000007741153 0.00261999992653728 0.00212000007741153 0.00646999990567565 0.0040799998678267 9.99999974737875E-5 0.00156999996397644 0.000620000006165355 0.00212000007741153 0.00161999999545515 0.00212000007741153 0.000620000006165355 0.00261999992653728 0.00561999995261431 0.00653500016778708 0.00496000004932284 0.00496000004932284
0.00612000003457069 0.00612000003457069 0.00612000003457069 0.00582000007852912 0.000119999996968545 0.000419999996665865 0.000620000006165355 0.00261999992653728 0.00582000007852912 0.00149599998258054 0.00121999997645617 0.00230999896302819 9.99999974737875E-5 0.00212000007741153 0.00612000003457069 9.99999974737875E-5 9.99999974737875E-5 0.000620000006165355 0.00662000011652708 0.00633999984711409 0.00312000000849366 0.00312000000849366
0.00662000011652708 0.00662000011652708 0.00621999986469746 0.00681999977678061 0.00558000011369586 9.99999974737875E-5 0.000620000006165355 0.00362000009045005 0.00712000019848347 0.00107500003650784 0.00624000001698732 0.00712000019848347 9.99999974737875E-5 0.00455999979749322 0.00537999998778105 9.99999974737875E-5 9.99999974737875E-5 0.00669999979436398 0.00700000021606684 9.99999974737875E-5 9.99999974737875E-5 9.99999974737875E-5
0.00662000011652708 0.00662000011652708 0.00664500007405877 0.00551400007680058 0.00712000019848347 9.99999974737875E-5 0.00712000019848347 0.0048650000244379 9.99999974737875E-5 9.99999974737875E-5 0.00039999998989515 0.0019349999492988 9.99999974737875E-5 9.99999974737875E-5 0.00261999992653728 9.99999974737875E-5 9.99999974737875E-5 0.00436499994248152 0.00509000010788441 0.00441999919712543 9.99999974737875E-5 9.99999974737875E-5
0.00511999987065792 0.00511999987065792 0.00644099898636341 0.00341999996453524 0.000620000006165355 0.00322000007145107 0.00712000019848347 0.00481999991461635 0.000119999996968545 9.99999974737875E-5 0.00282999989576638 0.00712000019848347 9.99999974737875E-5 9.99999974737875E-5 0.00346600008197129 0.00696799997240305 0.000920000020414591 9.99999974737875E-5 9.99999974737875E-5 9.99999974737875E-5 9.99999974737875E-5 9.99999974737875E-5
0.00461999978870153 0.00461999978870153 0.00341999996453524 0.00282000005245209 0.003969999961555 6.50000001769513E-5 9.99999974737875E-5 0.00161999999545515 0.000419999996665865 0.000620000006165355 0.00591999990865588 0.00279999990016222 9.99999974737875E-5 9.99999974737875E-5 9.99999974737875E-5 0.00712000019848347 0.00712000019848347 9.99999974737875E-5 9.99999974737875E-5 0.00179999996908009 0.00712000019848347 0.00712000019848347
0.00312000000849366 0.00312000000849366 0.00362000009045005 0.00644800020381808 0.00661000004038215 0.00279999990016222 0.000119999996968545 0.00211499910801649 9.99999974737875E-5 0.00112000002991408 0.00591999990865588 9.99999974737875E-5 9.99999974737875E-5 9.99999974737875E-5 9.99999974737875E-5 0.00693000014871359 0.00712000019848347 0.00552000012248755 9.99999974737875E-5 0.00712000019848347 0.00712000019848347 0.00712000019848347
0.00511999987065792 0.00511999987065792 0.00212000007741153 0.00712000019848347 9.99999974737875E-5 0.000620000006165355 0.0042200000025332 0.00712000019848347 9.99999974737875E-5 0.00472000008448958 0.00675999978557229 0.00500799994915724 0.000660000019706786 0.00312000000849366 9.99999974737875E-5 0.00341999996453524 0.00712000019848347 9.99999974737875E-5 9.99999974737875E-5 9.99999974737875E-5 0.000119999996968545 0.000119999996968545
0.00561999995261431 0.00561999995261431 0.00212000007741153 0.00212000007741153 9.99999974737875E-5 0.00218000006861985 0.006010000128299 0.000620000006165355 9.99999974737875E-5 9.99999974737875E-5 0.00356999994255602 0.00625000009313226 0.000119999996968545 0.00712000019848347 9.99999974737875E-5 9.99999974737875E-5 9.99999974737875E-5 9.99999974737875E-5 0.0063999998383224 0.00662000011652708 0.00104000000283122 0.00104000000283122
0.00558000011369586 0.00558000011369586 0.00212000007741153 0.00161999999545515 9.99999974737875E-5 9.99999974737875E-5 9.99999974737875E-5 9.99999974737875E-5 0.00499999988824129 0.00145600002724677 9.99999974737875E-5 9.99999974737875E-5 9.99999974737875E-5 0.00150999997276813 9.99999974737875E-5 9.99999974737875E-5 9.99999974737875E-5 0.00387999997474253 0.00370000000111759 0.00712000019848347 0.00459999917075038 0.00459999917075038
0.00312000000849366 0.00312000000849366 0.00112000002991408 0.00112000002991408 9.99999974737875E-5 9.99999974737875E-5 9.99999974737875E-5 9.99999974737875E-5 0.00712000019848347 0.000820000015664846 9.99999974737875E-5 9.99999974737875E-5 9.99999974737875E-5 0.00702500017359853 9.99999974737875E-5 9.99999974737875E-5 9.99999974737875E-5 9.99999974737875E-5 9.99999974737875E-5 9.99999974737875E-5 9.99999974737875E-5 9.99999974737875E-5
0.00276999990455806 0.00276999990455806 0.000119999996968545 9.99999974737875E-5 9.99999974737875E-5 9.99999974737875E-5 9.99999974737875E-5 9.99999974737875E-5 9.99999974737875E-5 0.00712000019848347 9.99999974737875E-5 9.99999974737875E-5 9.99999974737875E-5 0.00595600018277764 9.99999974737875E-5 0.00031999999191612 0.00127000000793487 9.99999974737875E-5 9.99999974737875E-5 9.99999974737875E-5 9.99999974737875E-5 9.99999974737875E-5
0.000119999996968545 0.000119999996968545 9.99999974737875E-5 9.99999974737875E-5 9.99999974737875E-5 9.99999974737875E-5 9.99999974737875E-5 9.99999974737875E-5 9.99999974737875E-5 0.0040799998678267 9.99999974737875E-5 9.99999974737875E-5 9.99999974737875E-5 9.99999974737875E-5 9.99999974737875E-5 9.99999974737875E-5 0.00294400006532669 0.00591100007295609 9.99999974737875E-5 9.99999974737875E-5 9.99999974737875E-5 9.99999974737875E-5
9.99999974737875E-5 9.99999974737875E-5 9.99999974737875E-5 9.99999974737875E-5 9.99999974737875E-5 0.00274999998509884 9.99999974737875E-5 9.99999974737875E-5 9.99999974737875E-5 0.000820000015664846 9.99999974737875E-5 9.99999974737875E-5 0.00712000019848347 0.00242000003345311 9.99999974737875E-5 9.99999974737875E-5 9.99999974737875E-5 9.99999974737875E-5 9.99999974737875E-5 9.99999974737875E-5 9.99999974737875E-5 9.99999974737875E-5
9.99999974737875E-5 9.99999974737875E-5 9.99999974737875E-5 9.99999974737875E-5 9.99999974737875E-5 9.99999974737875E-5 0.00694799982011318 0.00712000019848347 9.99999974737875E-5 9.99999974737875E-5 9.99999974737875E-5 0.00702500017359853 0.00712000019848347 9.99999974737875E-5 9.99999974737875E-5 9.99999974737875E-5 0.00701999897137284 9.99999974737875E-5 9.99999974737875E-5 9.99999974737875E-5 0.00459699984639883 0.00459699984639883
0.00712000019848347 0.00712000019848347 9.99999974737875E-5 9.99999974737875E-5 9.99999974737875E-5 9.99999974737875E-5 0.00241600000299513 0.00127000000793487 0.00212000007741153 9.99999974737875E-5 9.99999974737875E-5 9.99999974737875E-5 0.00447999918833375 0.0041100000962615 9.99999974737875E-5 9.99999974737875E-5 0.00028000000747852 0.000620000006165355 9.99999974737875E-5 0.00132000003941357 0.00592999998480082 0.00592999998480082
0.00712000019848347 0.00712000019848347 9.99999974737875E-5 0.00113500002771616 9.99999974737875E-5 9.99999974737875E-5 9.99999974737875E-5 9.99999974737875E-5 0.00609999988228083 9.99999974737875E-5 9.99999974737875E-5 9.99999974737875E-5 9.99999974737875E-5 0.00662000011652708 0.00681999977678061 9.99999974737875E-5 9.99999974737875E-5 0.00153999996837229 9.99999974737875E-5 9.99999974737875E-5 9.99999974737875E-5 9.99999974737875E-5
0.000620000006165355 0.000620000006165355 0.00212000007741153 9.99999974737875E-5 9.99999974737875E-5 9.99999974737875E-5 9.99999974737875E-5 9.99999974737875E-5 9.99999974737875E-5 9.99999974737875E-5 0.00121999997645617 9.99999974737875E-5 0.00461999978870153 0.00712000019848347 0.00712000019848347 0.00665999995544553 0.00255999993532896 9.99999974737875E-5 9.99999974737875E-5 0.00141999998595566 0.000783999974373728 0.000783999974373728
0.00263500004075468 0.00263500004075468 0.00158999999985099 9.99999974737875E-5 9.99999974737875E-5 0.00191999995149672 0.00712000019848347 0.00712000019848347 9.99999974737875E-5 9.99999974737875E-5 9.99999974737875E-5 0.00472800014540553 0.00646999990567565 0.00712000019848347 0.00712000019848347 0.00680000009015203 0.00675999978557229 9.99999974737875E-5 9.99999974737875E-5 9.99999974737875E-5 9.99999974737875E-5 9.99999974737875E-5
0.00516000017523766 0.00516000017523766 0.00236000004224479 9.99999974737875E-5 9.99999974737875E-5 9.99999974737875E-5 0.00152000004891306 0.00236000004224479 0.00179999996908009 9.99999974737875E-5 9.99999974737875E-5 9.99999974737875E-5 0.00712000019848347 0.00712000019848347 0.00508000003173947 0.00712000019848347 9.99999974737875E-5 9.99999974737875E-5 9.99999974737875E-5 9.99999974737875E-5 9.99999974737875E-5 9.99999974737875E-5
9.99999974737875E-5 9.99999974737875E-5 0.00484000006690621 0.0037599999923259 9.99999974737875E-5 9.99999974737875E-5 9.99999974737875E-5 9.99999974737875E-5 9.99999974737875E-5 9.99999974737875E-5 9.99999974737875E-5 9.99999974737875E-5 0.00712000019848347 0.00712000019848347 9.99999974737875E-5 0.00632000016048551 9.99999974737875E-5 9.99999974737875E-5 0.00712000019848347 9.99999974737875E-5 9.99999974737875E-5 9.99999974737875E-5
9.99999974737875E-5 9.99999974737875E-5 9.99999974737875E-5 9.99999974737875E-5 9.99999974737875E-5 9.99999974737875E-5 0.000119999996968545 0.00381999998353422 0.0023199999704957 9.99999974737875E-5 9.99999974737875E-5 9.99999974737875E-5 9.99999974737875E-5 0.00104000000283122 9.99999974737875E-5 9.99999974737875E-5 9.99999974737875E-5 0.00178499997127801 0.00341999996453524 9.99999974737875E-5 9.99999974737875E-5 9.99999974737875E-5
0.000119999996968545 0.000119999996968545 9.99999974737875E-5 9.99999974737875E-5 0.00659500015899539 0.00712000019848347 0.000119999996968545 0.00712000019848347 0.00702500017359853 9.99999974737875E-5 9.99999974737875E-5 9.99999974737875E-5 9.99999974737875E-5 9.99999974737875E-5 9.99999974737875E-5 0.00704000005498528 9.99999974737875E-5 9.99999974737875E-5 9.99999974737875E-5 9.99999974737875E-5 9.99999974737875E-5 9.99999974737875E-5
0.00362000009045005 0.00362000009045005 9.99999974737875E-5 0.00112000002991408 0.00712000019848347 0.00712000019848347 0.00694199977442622 0.00352000002749264 9.99999974737875E-5 0.00603999989107251 9.99999974737875E-5 9.99999974737875E-5 9.99999974737875E-5 9.99999974737875E-5 9.99999974737875E-5 0.0012299990048632 0.00212000007741153 0.00502000004053116 0.000119999996968545 9.99999974737875E-5 0.000914998992811888 0.000914998992811888
0.00712000019848347 0.00712000019848347 0.00112000002991408 0.00212000007741153 9.99999974737875E-5 9.99999974737875E-5 9.99999974737875E-5 9.99999974737875E-5 9.99999974737875E-5 0.00292000011540949 9.99999974737875E-5 9.99999974737875E-5 9.99999974737875E-5 9.99999974737875E-5 9.99999974737875E-5 9.99999974737875E-5 0.00304000009782612 0.00362000009045005 0.00376200000755489 0.00316000008024275 9.99999974737875E-5 9.99999974737875E-5
0.00561999995261431 0.00561999995261431 0.00644000014290214 0.00269500003196299 0.000620000006165355 9.99999974737875E-5 9.99999974737875E-5 9.99999974737875E-5 9.99999974737875E-5 9.99999974737875E-5 9.99999974737875E-5 9.99999974737875E-5 9.99999974737875E-5 9.99999974737875E-5 9.99999974737875E-5 9.99999974737875E-5 0.000620000006165355 0.00312000000849366 9.99999974737875E-5 0.00161999999545515 0.00112000002991408 0.00112000002991408
0.00581499980762601 0.00581499980762601 0.00712000019848347 0.00279999990016222 0.00112000002991408 9.99999974737875E-5 9.99999974737875E-5 0.00555399898439646 0.00473999977111816 9.99999974737875E-5 9.99999974737875E-5 9.99999974737875E-5 0.00212000007741153 0.00124000001233071 0.000560000014957041 9.99999974737875E-5 0.000720000010915101 9.99999974737875E-5 9.99999974737875E-5 0.00256399996578693 0.00392000004649162 0.00392000004649162
0.00633999984711409 0.00633999984711409 0.00461999978870153 0.00185000000055879 9.99999974737875E-5 0.000979000004008412 9.99999974737875E-5 9.99999974737875E-5 9.99999974737875E-5 9.99999974737875E-5 9.99999974737875E-5 9.99999974737875E-5 0.00703600002452731 0.00701199984177947 0.00412000017240644 9.99999974737875E-5 9.99999974737875E-5 0.00112000002991408 0.00212000007741153 0.00655600009486079 0.00343999988399446 0.00343999988399446
0.00591599987819791 0.00591599987819791 0.00641799997538328 0.0040799998678267 0.00161999999545515 0.00112000002991408 0.000620000006165355 9.99999974737875E-5 9.99999974737875E-5 9.99999974737875E-5 0.00461999978870153 9.99999974737875E-5 0.00620999978855252 0.00712000019848347 9.99999974737875E-5 9.99999974737875E-5 9.99999974737875E-5 0.00161999999545515 0.00356499990448356 0.000119999996968545 0.00475500011816621 0.00475500011816621
0.00362000009045005 0.00362000009045005 0.00215599988587201 0.000895000004675239 0.00471200002357364 9.99999974737875E-5 0.000750000006519258 0.00712000019848347 0.000620000006165355 0.00312000000849366 0.00712000019848347 9.99999974737875E-5 9.99999974737875E-5 0.00603999989107251 0.00212000007741153 0.00152000004891306 9.99999974737875E-5 0.00511999987065792 0.00712000019848347 0.00442000012844801 0.00112000002991408 0.00112000002991408
0.00461999978870153 0.00461999978870153 0.00161999999545515 0.00426999991759658 9.99999974737875E-5 0.000620000006165355 0.00603999989107251 0.00712000019848347 0.00572500005364418 0.00540499994531274 0.00683500012382865 9.99999974737875E-5 9.99999974737875E-5 9.99999974737875E-5 9.99999974737875E-5 0.00531999999657273 0.00312000000849366 0.00595000013709068 0.00499999988824129 0.000119999996968545 9.99999974737875E-5 9.99999974737875E-5
0.00561999995261431 0.00561999995261431 0.00161999999545515 0.00459999917075038 9.99999974737875E-5 0.000119999996968545 0.00552000012248755 9.99999974737875E-5 0.000330000009853393 0.0046700001694262 9.99999974737875E-5 0.000119999996968545 9.99999974737875E-5 9.99999974737875E-5 0.000369999994290993 0.00712000019848347 0.00212000007741153 0.0052479999139905 0.00511999987065792 9.99999974737875E-5 9.99999974737875E-5 9.99999974737875E-5
0.00511999987065792 0.00511999987065792 0.00577000016346574 0.00712000019848347 9.99999974737875E-5 0.000620000006165355 0.00712000019848347 0.00195800000801682 9.99999974737875E-5 0.00337999989278615 9.99999974737875E-5 0.00529399979859591 0.00496000004932284 9.99999974737875E-5 9.99999974737875E-5 0.00462599983438849 9.99999974737875E-5 9.99999974737875E-5 0.00261999992653728 9.99999974737875E-5 9.99999974737875E-5 9.99999974737875E-5
0.0055049997754395 0.0055049997754395 0.00362000009045005 0.000620000006165355 0.00242000003345311 1.99999994947575E-5 0.00015999999595806 9.99999974737875E-5 9.99999974737875E-5 9.99999974737875E-5 9.99999974737875E-5 0.00112000002991408 0.00112000002991408 0.00681999977678061 0.00212000007741153 0.00261999992653728 9.99999974737875E-5 0.00153400003910065 0.00412000017240644 0.00662000011652708 9.99999974737875E-5 9.99999974737875E-5
0.00362000009045005 0.00362000009045005 0.00312000000849366 0.0039380001835525 0.00712000019848347 9.99999974737875E-5 0.00031999999191612 9.99999974737875E-5 0.00448499899357557 9.99999974737875E-5 0.000620000006165355 0.000119999996968545 9.99999974737875E-5 9.99999974737875E-5 0.00712000019848347 0.00516000017523766 0.00561999995261431 0.00712000019848347 0.00712000019848347 0.00712000019848347 0.00367000000551343 0.00367000000551343
