Input/input_p4/p4pavcoverveg_o.asc
ncols         22
nrows         62
xllcorner     0.00000000
yllcorner     0.00000000
cellsize      0.5
nodata_value  -9999
 15 15 7.90000009536743 5.69999980926514 35 43 45 50 19.25 20 0 57.75 65 48.5 6.05000019073486 50 65 45 15 5.09999990463257 27 27
 15 15 10 15 35 50 45 50 6.5 30.3999996185303 75 55.5 65 50 55 50 65 45 15 5.84999990463257 21.6000003814697 21.6000003814697
 10 10 10 13 70 67 65 45 13 56.2399978637695 59 48.1000022888184 80 50 10 87 100 65 5 7.79999971389771 40 40
 5 5 9 3 15.3999996185303 75 65 35 0 60.4500007629395 8.80000019073486 0 90 25.5999984741211 17.3999996185303 93.0999984741211 93 4.19999980926514 1.19999992847443 80 86 86
 5 5 4.75 16.060001373291 0 73.0999984741211 0 22.5499992370605 72 72 67.1999969482422 51.8500022888184 76 90 45 75 90 27.5499992370605 20.2999992370605 27.0000019073486 85 85
 20 20 6.78999996185303 37 65 39 0 23 70 85 42.8999977111816 0 100 90 36.5399971008301 1.51999998092651 62 100 95 86 78 78
 25 25 37 43 31.5 70.5499954223633 76 55 67 65 12 43.2000007629395 90 95 90 0 0 100 100 53.2000007629395 0 0
 40 40 35 6.71999979019165 5.09999990463257 43.2000007629395 70 50.0500030517578 72 60 12 95 90 97 90 1.89999997615814 0 16 100 0 0 0
 20 20 50 0 85 65 29 0 80 24 3.59999990463257 21.1199989318848 64.5999984741211 40 90 37 0 75 80 97 70 70
 15 15 50 50 90 49.3999977111816 11.1000003814697 65 80 82.8000030517578 35.5 8.69999980926514 70 0 97 95 85 73.4700012207031 7.19999980926514 5 60.7999992370605 60.7999992370605
 15.3999996185303 15.3999996185303 50 55 87 95 95 80 21.1999988555908 56.6399993896484 86 86 100 56.1000022888184 95 100 79 32.4000015258789 34.2000007629395 0 25.2000007629395 25.2000007629395
 40 40 60 60 96 95 87 88 0 63 100 100 100 0.949999988079071 85 86 80.75 85 95 100 85 85
 43.5 43.5 70 72 95 95 90 95 95 0 90 93 100 11.6399993896484 92 68 58.4999961853027 80 100 100 100 100
 70 70 85 90 89 97 95 95 100 30.3999996185303 100 94 100 100 100 75 41.7599983215332 12.0899991989136 100 100 100 100
 74 74 80 90 100 43.7000007629395 95 95 100 63 95 90 0 47 95 100 100 87.3000030517578 87 100 100 100
 75 75 75 95 100 84 1.71999990940094 0 100 100 89 0.949999988079071 0 79.1999969482422 95 90 1 100 90 83 25.2299995422363 25.2299995422363
 0 0 81.9000015258789 90 97 75 47.0400009155273 58.4999961853027 50 90 100 100 26.4000015258789 30.1000003814697 97 99 68.4000015258789 65 90 58 11.8999996185303 11.8999996185303
 0 0 90 59.8499984741211 88.3499984741211 90 97 90 10.1999998092651 95 90 87 84 5 3 90 85 55.7999992370605 85 100 99 99
 65 65 50 87 100 95 80 80 87 100 58.9999961853027 95 25 0 0 4.59999990463257 45.5999984741211 90 100 57 63.3600006103516 63.3600006103516
 44.8499984741211 44.8499984741211 55.3000030517578 97 100 52 0 0 87 100 87 23.9199981689453 6.5 0 0 3.19999980926514 3.59999990463257 100 100 100 100 100
 19.6000003814697 19.6000003814697 47.5999984741211 95 95 100 56 47.5999984741211 53.2000007629395 95 100 95 0 0 20.3999996185303 0 100 100 100 87 94 94
 80 80 22.7999992370605 33.5999984741211 75 100 100 80 97 85 85 100 0 0 95 8 96 92 0 95 86 86
 75 75 95 85 75 100 70 33 48 100 87 100 100 60.7999992370605 90 80 100 53.3500022888184 37 85 90 90
 70 70 80 85 5.25 0 70 0 0.949999988079071 100 100 100 90 95 85.5 0.799999952316284 90 87 92 90 83 83
 35 35 75 60 0 0 1.77999997138977 36 89.2399978637695 10.8000001907349 100 100 100 95 90 58.9000015258789 50 21 70 87 62.0500030517578 62.0500030517578
 0 0 60 50 90 90 95 98 89 42 97 100 87 100 100 100 40.7999992370605 35 33.5800018310547 39.5999984741211 75 75
 15 15 6.80000019073486 44.2499961853027 65 82 90 85 97 87 90 72.25 82 100 100 95 65 40 75 55 60 60
 13.0500001907349 13.0500001907349 0 43.2000007629395 60 71.3399963378906 90 15.6600008010864 23.7999992370605 95 78 74.5199966430664 50 58.8000030517578 65.5999984741211 95 64 75 100 45.560001373291 32 32
 7.79999971389771 7.79999971389771 25 52.7000007629395 85 61.4099998474121 97 80 75 100 75 100 0.839999973773956 1.08000004291534 30 100 90 60 50 5.6399998664856 36.7999992370605 36.7999992370605
 12.039999961853 12.039999961853 7.02000045776367 30.3999996185303 55 60 65 75 72 95 25 95 9.10000038146973 0 75 95 87 55 35.5499992370605 70 23.6499996185303 23.6499996185303
 35 35 49.6399993896484 62.25 24.0799999237061 80 63.7000007629395 0 65 40 0 79.7999954223633 80 10.8000001907349 50 56 78 20 0 27 60 60
 25 25 55 28.5 90 65 10.8000001907349 0 13.9499998092651 17.1499996185303 2.85000014305115 87 95 100 85 18 40 11.6999998092651 21.1999988555908 70 80.9100036621094 80.9100036621094
 15 15 55 25.2000007629395 95 70 16 80 67.9000015258789 24.5 87 70 75 95 67.5 0 50 18.7199993133545 20 83.5199966430664 95 95
 20 20 13.5000009536743 0 92 65 0 51.6199989318848 77.6000061035156 37.4000015258789 90 18.2600002288818 21.6000003814697 90 90 24.939998626709 73 78 45 95 74.4000015258789 74.4000015258789
 16.1499996185303 16.1499996185303 35 65 47 71 69.5999984741211 95 80.0999984741211 79.0500030517578 75 60 60 3 50 45 82 55.8600006103516 30 5 90 90
 35 35 40 31.8199996948242 0 78 68 85 26.3500003814697 90 65 70 80 95 0 19.6000003814697 15 0 0 0 34.5 34.5
 30 30 12.6000003814697 50 14.3999996185303 80.0400009155273 50 75 45 75 50 50 41 100 77.9000015258789 45 1.59999990463257 0 0 0 0 0
 19 19 20 50 65 80 57 45 30 70 95 95 24 81.5999984741211 100 50 28.7999992370605 0 0 29.8999996185303 100 100
 10 10 0 3.5 57 28 15 20 25 33.5999984741211 31.3500003814697 90 54.4000015258789 63 85 38.7000007629395 44.1999969482422 99 28.6999988555908 26.0999984741211 90 90
 33.2000007629395 33.2000007629395 0 0 69.75 28.0500011444092 75.2399978637695 44.0799980163574 69 36.0999984741211 52 85 0 32.2000007629395 65 27.2999992370605 80 80 85 80 86 86
 33.9500007629395 33.9500007629395 0 79.0500030517578 80.0999984741211 90.25 80 77 75 79 90 20.8999996185303 0 5.5 84.5999984741211 75 50 95 83 20.7999992370605 100 100
 15 15 85 89 80 50 80 50 87 54.0000038146973 100 48.6000022888184 9.59999942779541 18.4500007629395 10 50 2.84999990463257 8 85 78 75 75
 50 50 85 87 75 75 0 18.8999996185303 90 25.5000019073486 94 87 17 20 35 0 91.1999969482422 93 65.0999984741211 5 76 76
 16 16 50 34 72 58.4000015258789 46 60 29.8900012969971 65 100 100 70 10 28.1199989318848 0 90 100 85 0 38.25 38.25
 0 0 20.75 17 38 85 100 41 0 15 90 90 40 11.4399995803833 0.399999976158142 0 20 100 34.2000007629395 6.28999996185303 15 15
 0 0 0 14 25 44.1999969482422 100 95 50 2.03999996185303 12.6000003814697 30 15 20 5.75999975204468 0 2.59999990463257 60 48 90 13 13
 29.7000007629395 29.7000007629395 69.3000030517578 40 4 30.5499992370605 95 75 6.5 0 0 10.3500003814697 6.80000019073486 30.7999992370605 0 68.5999984741211 0 1.59999990463257 5 87 0 0
 17 17 35 40 40 45 90 90 3.29999995231628 60 85 70 15.2999992370605 20 5 80 70 80 0 84 100 100
 10 10 15 18.6200008392334 30 0 87 85 15 40 70 75 65 4.40000009536743 0 5 25 70 49 88.2000045776367 90 90
 5 5 5 9.22999954223633 45 50 85 65 4 15 45 50 45 2 0 0.0999999940395355 36 100 0 8.10000038146973 87 87
 7.67999982833862 7.67999982833862 14.25 7.59999990463257 69 40 68 38.8000030517578 3.75999999046326 5 20 20 10 1.87999999523163 1.1599999666214 0 35 75 80 40 67.1999969482422 67.1999969482422
 24.1499996185303 24.1499996185303 25 45 65 70 49.5 0 0 1.44999992847443 5 50 5 0 0 29.7000007629395 0 50 5 1.75 0 0
 30 30 55 67 55 45 44.1000022888184 2.25 1.59999990463257 3.5 3.60000014305115 75 19.5 20 80 27.3000011444092 0 46 0 0 7.5 7.5
 10 10 10 27 55 35.5 47 0 3.59999990463257 6.96000003814697 4 55 75 60 23 0 0 0 11.3999996185303 9.11999988555908 0.439999997615814 0.439999997615814
 7 7 5 19 64.3499984741211 5.94999980926514 10.0500001907349 68 80 28.6999988555908 0 76.5 69 40 40 10.1999998092651 0 0 25 0 0 0
 1.63999998569489 1.63999998569489 10 15.5 60.4500007629395 85 75 78 78 66 95 20.8999996185303 68.4000015258789 26.3999996185303 0 90 57.5999984741211 0 0 13.7799987792969 0 0
 10 10 5 27.8999996185303 0 78.2000045776367 85 80 95 87 85 87 90 70 90 95 80 90 20 25 20 20
 1.67999994754791 1.67999994754791 13.1999998092651 35.2000007629395 0 42.2399978637695 82 69 70 89 60 70 80 65 65 85 70 86 10 4.40000009536743 40 40
 23.3999996185303 23.3999996185303 38.7000007629395 17 85 93 76 75 40 96 76.7999954223633 34.6500015258789 60 15 4.59999990463257 44.5499992370605 45 18 11.3400001525879 0 5 5
 20 20 5 11.5999994277954 80 95 82 60 11.5999994277954 95 79.0500030517578 27.5 55 3 0 0 10 5 20 40 10 10
 4.69999980926514 4.69999980926514 0 55 40 95 95 65.25 0 95 90 75 65 0 2.6800000667572 2.20000004768372 0 28.2000007629395 14.1999998092651 28.7999992370605 2.51999998092651 2.51999998092651
 5 5 0 55 30.3999996185303 95 95 75 3.60000014305115 95 90 75 65 60 0.600000023841858 9.80000019073486 0 22.7999992370605 18 30 2.4300000667572 2.4300000667572
